7613963,28.40,27.75
7614590,28.40,27.75
7615119,28.40,27.75
7615747,28.40,27.75
7616282,28.40,27.75
7616910,28.40,27.75
7617439,28.40,27.75
7618067,28.40,27.75
7618602,28.40,27.81
7619230,28.40,27.81
7619759,28.40,27.75
7620387,28.40,27.75
7620922,28.40,27.81
7621550,28.40,27.81
7622079,28.40,27.81
7622707,28.40,27.81
7623242,28.40,27.75
7623870,28.40,27.75
7624399,28.40,27.75
7625027,28.40,27.75
7625562,28.40,27.81
7626190,28.40,27.81
7626719,28.40,27.75
7627347,28.40,27.75
7627882,28.40,27.75
7628510,28.40,27.75
7629039,28.40,27.81
7629667,28.40,27.81
7630202,28.40,27.81
7630829,28.40,27.81
7631358,28.40,27.75
7631986,28.40,27.75
7632521,28.40,27.81
7633149,28.40,27.81
7633678,28.40,27.75
7634306,28.40,27.75
7634841,28.40,27.75
7635469,28.40,27.75
7635998,28.40,27.75
7636626,28.40,27.75
7637161,28.40,27.75
7637789,28.40,27.75
7638318,28.40,27.75
7638946,28.40,27.75
7639481,28.40,27.75
7640109,28.40,27.75
7640638,28.40,27.81
7641266,28.40,27.81
7641801,28.40,27.81
7642429,28.40,27.81
7642958,28.40,27.75
7643586,28.40,27.75
7644121,28.40,27.75
7644748,28.40,27.75
7645277,28.40,27.75
7645905,28.40,27.75
7646440,28.40,27.81
7647068,28.40,27.81
7647597,28.40,27.75
7648225,28.40,27.75
7648760,28.40,27.81
7649388,28.40,27.81
7649917,28.40,27.75
7650545,28.40,27.75
7651080,28.40,27.75
7651707,28.40,27.75
7652236,28.40,27.75
7652864,28.40,27.75
7653399,28.40,27.75
7654027,28.40,27.75
7654556,28.40,27.81
7655184,28.40,27.81
7655719,28.40,27.81
7656347,28.40,27.81
7656876,28.40,27.75
7657504,28.40,27.75
7658039,28.40,27.81
7658667,28.40,27.81
7659196,28.40,27.81
7659824,28.40,27.81
7660359,28.40,27.81
7660987,28.40,27.81
7661516,28.40,27.75
7662144,28.40,27.75
7662679,28.40,27.81
7663307,28.40,27.81
7663836,28.40,27.75
7664464,28.40,27.75
7664999,28.40,27.75
7665627,28.40,27.75
7666156,28.40,27.81
7666784,28.40,27.81
7667319,28.40,27.81
7667947,28.40,27.81
7668476,28.40,27.81
7669104,28.40,27.81
7669639,28.40,27.81
7670267,28.40,27.81
7670796,28.40,27.81
7671424,28.40,27.81
7671959,28.40,27.81
7672587,28.40,27.81
7673116,28.40,27.75
7673744,28.40,27.75
7674279,28.40,27.81
7674907,28.40,27.81
7675436,28.40,27.75
7676064,28.40,27.75
7676599,28.40,27.75
7677227,28.40,27.75
7677756,28.40,27.81
7678384,28.40,27.81
7678919,28.40,27.75
7679547,28.40,27.75
7680076,28.40,27.81
7680704,28.40,27.81
7681239,28.40,27.81
7681867,28.40,27.81
7682396,28.40,27.75
7683024,28.40,27.75
7683559,28.40,27.75
7684187,28.40,27.75
7684716,28.40,27.75
7685344,28.40,27.75
7685879,28.40,27.75
7686507,28.40,27.75
7687036,28.40,27.75
7687664,28.40,27.75
7688199,28.40,27.81
7688827,28.40,27.81
7689356,28.40,27.75
7689984,28.40,27.75
7690519,28.40,27.75
7691147,28.40,27.75
7691676,28.40,27.75
7692304,28.40,27.75
7692839,28.40,27.75
7693467,28.40,27.75
7693996,28.40,27.75
7694624,28.40,27.75
7695159,28.40,27.75
7695787,28.40,27.75
7696316,28.40,27.75
7696944,28.40,27.75
7697479,28.40,27.75
7698107,28.40,27.75
7698636,28.40,27.75
7699264,28.40,27.75
7699799,28.40,27.75
7700427,28.40,27.75
7700956,28.40,27.75
7701584,28.40,27.75
7702119,28.40,27.75
7702747,28.40,27.75
7703276,28.40,27.75
7703904,28.40,27.75
7704439,28.40,27.75
7705067,28.40,27.75
7705596,28.40,27.75
7706224,28.40,27.75
7706759,28.40,27.75
7707387,28.40,27.75
7707916,28.40,27.75
7708544,28.40,27.75
7709079,28.40,27.75
7709707,28.40,27.75
7710236,28.40,27.75
7710864,28.40,27.75
7711399,28.40,27.75
7712027,28.40,27.75
7712556,28.40,27.75
7713184,28.40,27.75
7713719,28.40,27.75
7714347,28.40,27.75
7714876,28.40,27.75
7715504,28.40,27.75
7716039,28.40,27.75
7716667,28.40,27.75
7717196,28.40,27.75
7717824,28.40,27.75
7718359,28.40,27.75
7718987,28.40,27.75
7719516,28.40,27.75
7720144,28.40,27.75
7720679,28.40,27.75
7721307,28.40,27.75
7721836,28.40,27.75
7722464,28.40,27.75
7722999,28.40,27.75
7723627,28.40,27.75
7724156,28.40,27.75
7724784,28.40,27.75
7725319,28.40,27.75
7725947,28.40,27.75
7726476,28.40,27.75
7727104,28.40,27.75
7727639,28.40,27.75
7728267,28.40,27.75
7728796,28.40,27.75
7729424,28.40,27.75
7729959,28.40,27.75
7730587,28.40,27.75
7731116,28.40,27.75
7731744,28.40,27.75
7732279,28.40,27.75
7732907,28.40,27.75
7733436,28.40,27.75
7734064,28.40,27.75
7734599,28.40,27.75
7735227,28.40,27.75
7735756,28.40,27.75
7736384,28.40,27.75
7736919,28.40,27.75
7737547,28.40,27.75
7738076,28.40,27.75
7738704,28.40,27.75
7739239,28.40,27.75
7739867,28.40,27.75
7740396,28.40,27.75
7741024,28.40,27.75
7741559,28.40,27.75
7742187,28.40,27.75
7742716,28.40,27.75
7743344,28.40,27.75
7743879,28.40,27.75
7744506,28.40,27.75
7745035,28.40,27.75
7745663,28.40,27.75
7746198,28.40,27.75
7746826,28.40,27.75
7747355,28.40,27.75
7747983,28.40,27.75
7748518,28.40,27.75
7749146,28.40,27.75
7749675,28.40,27.75
7750303,28.40,27.75
7750838,28.40,27.75
7751466,28.40,27.75
7751995,28.40,27.75
7752623,28.40,27.75
7753158,28.40,27.75
7753786,28.40,27.75
7754315,28.40,27.75
7754943,28.40,27.75
7755478,28.40,27.75
7756106,28.40,27.75
7756635,28.40,27.75
7757263,28.40,27.75
7757798,28.40,27.75
7758426,28.40,27.75
7758955,28.40,27.75
7759583,28.40,27.75
7760118,28.40,27.75
7760746,28.40,27.75
7761275,28.40,27.75
7761903,28.40,27.75
7762438,28.40,27.75
7763066,28.40,27.75
7763595,28.40,27.75
7764223,28.40,27.75
7764758,28.40,27.69
7765386,28.40,27.69
7765915,28.40,27.75
7766543,28.40,27.75
7767078,28.40,27.75
7767706,28.40,27.75
7768235,28.40,27.75
7768863,28.40,27.75
7769398,28.40,27.75
7770026,28.40,27.75
7770555,28.40,27.75
7771183,28.40,27.75
7771718,28.40,27.69
7772346,28.40,27.69
7772875,28.40,27.75
7773503,28.40,27.75
7774038,28.40,27.75
7774665,28.40,27.75
7775194,28.40,27.75
7775822,28.40,27.75
7776357,28.40,27.75
7776985,28.40,27.75
7777514,28.40,27.75
7778142,28.40,27.75
7778677,28.40,27.75
7779305,28.40,27.75
7779834,28.40,27.75
7780462,28.40,27.75
7780997,28.40,27.75
7781625,28.40,27.75
7782154,28.40,27.75
7782782,28.40,27.75
7783317,28.40,27.75
7783945,28.40,27.75
7784474,28.40,27.75
7785102,28.40,27.75
7785637,28.40,27.75
7786265,28.40,27.75
7786794,28.40,27.75
7787422,28.40,27.75
7787957,28.40,27.75
7788585,28.40,27.75
7789114,28.40,27.75
7789742,28.40,27.75
7790277,28.40,27.75
7790905,28.40,27.75
7791434,28.40,27.75
7792062,28.40,27.75
7792597,28.40,27.75
7793225,28.40,27.75
7793754,28.40,27.75
7794382,28.40,27.75
7794917,28.40,27.75
7795545,28.40,27.75
7796074,28.40,27.75
7796702,28.40,27.75
7797237,28.40,27.75
7797865,28.40,27.75
7798394,28.40,27.75
7799022,28.40,27.75
7799557,28.40,27.75
7800185,28.40,27.75
7800714,28.40,27.75
7801342,28.40,27.75
7801877,28.40,27.75
7802505,28.40,27.75
7803034,28.40,27.75
7803662,28.40,27.75
7804197,28.40,27.75
7804825,28.40,27.75
7805354,28.40,27.75
7805982,28.40,27.75
7806517,28.40,27.75
7807145,28.40,27.75
7807674,28.40,27.75
7808302,28.40,27.75
7808837,28.40,27.75
7809465,28.40,27.75
7809994,28.40,27.75
7810622,28.40,27.75
7811157,28.40,27.75
7811785,28.40,27.75
7812314,28.40,27.75
7812942,28.40,27.75
7813477,28.40,27.75
7814105,28.40,27.75
7814634,28.40,27.75
7815262,28.40,27.75
7815797,28.40,27.75
7816425,28.40,27.75
7816954,28.40,27.75
7817582,28.40,27.75
7818117,28.40,27.75
7818745,28.40,27.75
7819274,28.40,27.75
7819902,28.40,27.75
7820437,28.40,27.75
7821065,28.40,27.75
7821594,28.40,27.75
7822222,28.40,27.75
7822757,28.40,27.75
7823384,28.40,27.75
7823913,28.40,27.75
7824541,28.40,27.75
7825076,28.40,27.75
7825704,28.40,27.75
7826233,28.40,27.75
7826861,28.40,27.75
7827396,28.40,27.75
7828024,28.40,27.75
7828553,28.40,27.75
7829181,28.40,27.75
7829716,28.40,27.75
7830344,28.40,27.75
7830873,28.40,27.75
7831501,28.40,27.75
7832036,28.40,27.75
7832664,28.40,27.75
7833193,28.40,27.75
7833821,28.40,27.75
7834356,28.40,27.75
7834984,28.40,27.75
7835513,28.40,27.75
7836141,28.40,27.75
7836676,28.40,27.75
7837304,28.40,27.75
7837833,28.40,27.75
7838461,28.40,27.75
7838996,28.40,27.75
7839624,28.40,27.75
7840153,28.40,27.75
7840781,28.40,27.75
7841316,28.40,27.75
7841944,28.40,27.75
7842473,28.40,27.75
7843101,28.40,27.75
7843636,28.40,27.75
7844264,28.40,27.75
7844793,28.40,27.75
7845421,28.40,27.75
7845956,28.40,27.75
7846584,28.40,27.75
7847113,28.40,27.75
7847741,28.40,27.75
7848276,28.40,27.75
7848904,28.40,27.75
7849433,28.40,27.75
7850061,28.40,27.75
7850596,28.40,27.75
7851224,28.40,27.75
7851753,28.40,27.75
7852381,28.40,27.75
7852916,28.40,27.75
7853544,28.40,27.75
7854073,28.40,27.75
7854701,28.40,27.75
7855236,28.40,27.75
7855864,28.40,27.75
7856393,28.40,27.75
7857021,28.40,27.75
7857556,28.40,27.75
7858184,28.40,27.75
7858713,28.40,27.75
7859341,28.40,27.75
7859876,28.40,27.75
7860503,28.40,27.75
7861032,28.40,27.75
7861660,28.40,27.75
7862195,28.40,27.75
7862823,28.40,27.75
7863352,28.40,27.75
7863980,28.40,27.75
7864515,28.40,27.75
7865143,28.40,27.75
7865672,28.40,27.75
7866300,28.40,27.75
7866835,28.40,27.75
7867463,28.40,27.75
7867992,28.40,27.75
7868620,28.40,27.75
7869155,28.40,27.75
7869783,28.40,27.75
7870312,28.40,27.69
7870940,28.40,27.69
7871475,28.40,27.69
7872103,28.40,27.69
7872632,28.40,27.75
7873260,28.40,27.75
7873795,28.40,27.69
7874423,28.40,27.69
7874952,28.40,27.75
7875580,28.40,27.75
7876115,28.40,27.69
7876743,28.40,27.69
7877272,28.40,27.75
7877900,28.40,27.75
7878435,28.40,27.75
7879063,28.40,27.75
7879592,28.40,27.69
7880220,28.40,27.69
7880755,28.40,27.69
7881383,28.40,27.69
7881912,28.40,27.75
7882540,28.40,27.75
7883075,28.40,27.75
7883703,28.40,27.75
7884232,28.40,27.75
7884860,28.40,27.75
7885395,28.40,27.75
7886023,28.40,27.75
7886552,28.40,27.75
7887180,28.40,27.75
7887715,28.40,27.75
7888343,28.40,27.75
7888872,28.40,27.69
7889500,28.40,27.69
7890035,28.40,27.75
7890663,28.40,27.75
7891192,28.40,27.75
7891820,28.40,27.75
7892355,28.40,27.75
7892983,28.40,27.75
7893512,28.40,27.75
7894140,28.40,27.75
7894675,28.40,27.75
7895303,28.40,27.75
7895832,28.40,27.75
7896460,28.40,27.75
7896995,28.40,27.75
7897623,28.40,27.75
7898152,28.40,27.75
7898780,28.40,27.75
7899315,28.40,27.75
7899943,28.40,27.75
                                                                7901100,28.40,27.75
7901635,28.40,27.75
7902263,28.40,27.75
7902792,28.40,27.69
7903420,28.40,27.69
7903955,28.40,27.75
7904583,28.40,27.75
7905112,28.40,27.69
7905740,28.40,27.69
7906275,28.40,27.75
7906903,28.40,27.75
7907432,28.40,27.75
7908060,28.40,27.75
7908595,28.40,27.69
7909223,28.40,27.69
7909752,28.40,27.75
7910380,28.40,27.75
7910915,28.40,27.75
7911543,28.40,27.75
7912072,28.40,27.69
7912700,28.40,27.69
7913235,28.40,27.75
7913863,28.40,27.75
7914392,28.40,27.75
7915020,28.40,27.75
7915555,28.40,27.75
7916183,28.40,27.75
7916712,28.40,27.75
7917340,28.40,27.75
7917875,28.40,27.75
7918503,28.40,27.75
7919032,28.40,27.75
7919660,28.40,27.75
7920195,28.40,27.75
7920823,28.40,27.75
7921352,28.40,27.75
7921980,28.40,27.75
7922515,28.40,27.69
7923143,28.40,27.69
7923672,28.40,27.75
7924300,28.40,27.75
7924835,28.40,27.75
7925463,28.40,27.75
7925992,28.40,27.75
7926620,28.40,27.75
7927155,28.40,27.75
7927783,28.40,27.75
7928312,28.40,27.75
7928940,28.40,27.75
7929475,28.40,27.75
7930103,28.40,27.75
7930632,28.40,27.75
7931260,28.40,27.75
7931795,28.40,27.75
7932423,28.40,27.75
7932952,28.40,27.75
7933580,28.40,27.75
7934115,28.40,27.75
7934743,28.40,27.75
7935272,28.40,27.75
7935900,28.40,27.75
7936435,28.40,27.75
7937063,28.40,27.75
7937592,28.40,27.75
7938220,28.40,27.75
7938755,28.40,27.75
7939383,28.40,27.75
7939912,28.40,27.75
7940540,28.40,27.75
7941075,28.40,27.75
7941703,28.40,27.75
7942232,28.40,27.75
7942860,28.40,27.75
7943395,28.40,27.75
7944023,28.40,27.75
7944552,28.40,27.75
7945180,28.40,27.75
7945715,28.40,27.75
7946343,28.40,27.75
7946872,28.40,27.75
7947500,28.40,27.75
7948035,28.40,27.75
7948663,28.40,27.75
7949192,28.40,27.75
7949820,28.40,27.75
7950355,28.40,27.75
7950983,28.40,27.75
7951512,28.40,27.75
7952140,28.40,27.75
7952675,28.40,27.75
7953303,28.40,27.75
7953832,28.40,27.75
7954460,28.40,27.75
7954995,28.40,27.75
7955623,28.40,27.75
7956152,28.40,27.75
7956780,28.40,27.75
7957315,28.40,27.75
7957943,28.40,27.75
7958472,28.40,27.75
7959100,28.40,27.75
7959635,28.40,27.75
7960263,28.40,27.75
7960792,28.40,27.75
7961420,28.40,27.75
7961955,28.40,27.75
7962583,28.40,27.75
7963112,28.40,27.75
7963740,28.40,27.75
7964275,28.40,27.69
7964903,28.40,27.69
7965432,28.40,27.75
7966060,28.40,27.75
7966595,28.40,27.75
7967223,28.40,27.75
7967752,28.40,27.69
7968380,28.40,27.69
7968915,28.40,27.75
7969543,28.40,27.75
7970072,28.40,27.69
7970700,28.40,27.69
7971235,28.40,27.69
7971863,28.40,27.69
7972392,28.40,27.75
7973020,28.40,27.75
7973555,28.40,27.75
7974183,28.40,27.75
7974712,28.40,27.69
7975340,28.40,27.69
7975875,28.40,27.69
7976502,28.40,27.69
7977031,28.40,27.69
7977659,28.40,27.69
7978194,28.40,27.69
7978822,28.40,27.69
7979351,28.40,27.75
7979979,28.40,27.75
7980514,28.40,27.69
7981142,28.40,27.69
7981671,28.40,27.75
7982299,28.40,27.75
7982834,28.40,27.75
7983462,28.40,27.75
7983991,28.40,27.75
7984619,28.40,27.75
7985154,28.40,27.69
7985782,28.40,27.69
7986311,28.40,27.69
7986939,28.40,27.69
7987474,28.40,27.69
7988102,28.40,27.69
7988631,28.40,27.75
7989259,28.40,27.75
7989794,28.40,27.69
7990422,28.40,27.69
7990951,28.40,27.75
7991579,28.40,27.75
7992114,28.40,27.69
7992742,28.40,27.69
7993271,28.40,27.75
7993899,28.40,27.75
7994434,28.40,27.69
7995062,28.40,27.69
7995591,28.40,27.75
7996219,28.40,27.75
7996754,28.40,27.75
7997382,28.40,27.75
7997911,28.40,27.75
7998539,28.40,27.75
7999074,28.40,27.75
7999702,28.40,27.75
8000231,28.40,27.69
8000859,28.40,27.69
8001394,28.40,27.75
8002022,28.40,27.75
8002551,28.40,27.75
8003179,28.40,27.75
8003714,28.40,27.75
8004342,28.40,27.75
8004871,28.40,27.75
8005499,28.40,27.75
8006034,28.40,27.75
8006662,28.40,27.75
8007191,28.40,27.69
8007819,28.40,27.69
8008354,28.40,27.75
8008982,28.40,27.75
8009511,28.40,27.69
8010139,28.40,27.69
8010674,28.40,27.75
8011302,28.40,27.75
8011831,28.40,27.75
8012459,28.40,27.75
8012994,28.40,27.75
8013622,28.40,27.75
8014151,28.40,27.75
8014779,28.40,27.75
8015314,28.40,27.75
8015942,28.40,27.75
8016471,28.40,27.75
8017099,28.40,27.75
8017634,28.40,27.69
8018262,28.40,27.69
8018791,28.40,27.75
8019419,28.40,27.75
8019954,28.40,27.75
8020582,28.40,27.75
8021111,28.40,27.75
8021739,28.40,27.75
8022274,28.40,27.75
8022902,28.40,27.75
8023431,28.40,27.75
8024059,28.40,27.75
8024594,28.40,27.75
8025222,28.40,27.75
8025751,28.40,27.75
8026379,28.40,27.75
8026914,28.40,27.69
8027542,28.40,27.69
8028071,28.40,27.75
8028699,28.40,27.75
8029234,28.40,27.75
8029862,28.40,27.75
8030391,28.40,27.75
8031019,28.40,27.75
8031554,28.40,27.75
8032182,28.40,27.75
8032711,28.40,27.75
8033339,28.40,27.75
8033874,28.40,27.75
8034502,28.40,27.75
8035031,28.40,27.75
8035659,28.40,27.75
8036194,28.40,27.75
8036821,28.40,27.75
8037350,28.40,27.75
8037978,28.50,27.75
8038513,28.50,27.75
8039141,28.50,27.75
8039670,28.50,27.75
8040298,28.40,27.75
8040833,28.40,27.75
8041461,28.40,27.75
8041990,28.40,27.75
8042618,28.40,27.75
8043153,28.40,27.75
8043781,28.40,27.75
8044310,28.40,27.75
8044938,28.50,27.75
8045473,28.50,27.75
8046101,28.50,27.75
8046630,28.50,27.75
8047258,28.40,27.75
8047793,28.40,27.75
8048421,28.40,27.75
8048950,28.40,27.75
8049578,28.40,27.75
8050113,28.40,27.75
8050741,28.40,27.75
8051270,28.40,27.75
8051898,28.40,27.75
8052433,28.40,27.75
8053061,28.40,27.75
8053590,28.40,27.75
8054218,28.40,27.75
8054753,28.40,27.75
8055381,28.40,27.75
8055910,28.40,27.75
8056538,28.40,27.75
8057073,28.40,27.75
8057701,28.40,27.75
8058230,28.40,27.75
8058858,28.40,27.75
8059393,28.40,27.69
8060021,28.40,27.69
8060550,28.40,27.75
8061178,28.40,27.75
8061713,28.40,27.75
8062341,28.40,27.75
8062870,28.40,27.75
8063498,28.40,27.75
8064033,28.40,27.75
8064661,28.40,27.75
8065190,28.40,27.75
8065818,28.40,27.75
8066353,28.40,27.75
8066981,28.40,27.75
8067510,28.40,27.75
8068138,28.40,27.75
8068673,28.40,27.75
8069301,28.40,27.75
8069830,28.40,27.75
8070458,28.40,27.75
8070993,28.40,27.75
8071621,28.40,27.75
8072150,28.40,27.75
8072778,28.40,27.75
8073313,28.40,27.75
8073941,28.40,27.75
8074470,28.40,27.75
8075098,28.40,27.75
8075633,28.40,27.75
8076261,28.40,27.75
8076790,28.40,27.75
8077418,28.40,27.75
8077953,28.40,27.75
8078581,28.40,27.75
8079110,28.40,27.75
8079738,28.40,27.75
8080273,28.40,27.75
8080901,28.40,27.75
8081430,28.40,27.75
8082058,28.40,27.75
8082593,28.40,27.75
8083221,28.40,27.75
8083750,28.40,27.75
8084378,28.40,27.75
8084913,28.40,27.69
8085541,28.40,27.69
8086070,28.40,27.75
8086698,28.40,27.75
8087233,28.40,27.75
8087861,28.40,27.75
8088390,28.40,27.75
8089018,28.40,27.75
8089553,28.40,27.75
8090181,28.40,27.75
8090710,28.40,27.75
8091338,28.40,27.75
8091873,28.40,27.69
8092501,28.40,27.69
8093030,28.40,27.75
8093658,28.40,27.75
8094193,28.40,27.75
8094821,28.40,27.75
8095350,28.40,27.75
8095978,28.40,27.75
8096513,28.40,27.75
8097141,28.40,27.75
8097670,28.40,27.75
8098298,28.40,27.75
8098833,28.40,27.75
8099461,28.40,27.75
8099990,28.40,27.75
8100618,28.40,27.75
8101153,28.40,27.69
8101780,28.40,27.69
8102309,28.40,27.75
8102937,28.40,27.75
8103472,28.40,27.75
8104100,28.40,27.75
8104629,28.40,27.75
8105257,28.40,27.75
8105792,28.40,27.75
8106420,28.40,27.75
8106949,28.40,27.75
8107577,28.40,27.75
8108112,28.40,27.75
8108740,28.40,27.75
8109269,28.40,27.69
8109897,28.40,27.69
8110432,28.40,27.75
8111060,28.40,27.75
8111589,28.40,27.75
8112217,28.40,27.75
8112752,28.40,27.75
8113380,28.40,27.75
8113909,28.40,27.75
8114537,28.50,27.75
8115072,28.50,27.75
8115700,28.50,27.75
8116229,28.50,27.75
8116857,28.40,27.75
8117392,28.40,27.75
8118020,28.40,27.75
8118549,28.40,27.75
8119177,28.50,27.75
8119712,28.50,27.75
8120340,28.50,27.75
8120869,28.50,27.75
8121497,28.40,27.75
8122032,28.40,27.75
8122660,28.40,27.75
8123189,28.40,27.75
8123817,28.40,27.75
8124352,28.40,27.75
8124979,28.40,27.75
8125508,28.40,27.75
8126136,28.40,27.75
8126671,28.40,27.69
8127299,28.40,27.69
8127828,28.40,27.75
8128456,28.40,27.75
8128991,28.40,27.75
8129618,28.40,27.75
8130147,28.40,27.75
8130775,28.40,27.75
8131310,28.40,27.75
8131938,28.40,27.75
8132467,28.40,27.75
8133095,28.50,27.75
8133630,28.50,27.75
8134258,28.50,27.75
8134787,28.50,27.75
8135415,28.40,27.75
8135950,28.40,27.75
8136578,28.40,27.75
8137107,28.40,27.75
8137735,28.40,27.75
8138270,28.40,27.75
8138898,28.40,27.75
8139427,28.40,27.75
8140055,28.40,27.75
8140590,28.40,27.75
8141218,28.40,27.75
8141747,28.40,27.75
8142375,28.40,27.75
8142910,28.40,27.75
8143538,28.40,27.75
8144067,28.40,27.75
8144695,28.40,27.75
8145230,28.40,27.75
8145857,28.40,27.75
8146386,28.40,27.75
8147014,28.40,27.75
8147549,28.40,27.75
8148176,28.40,27.75
8148705,28.40,27.75
8149333,28.40,27.75
8149868,28.40,27.75
8150496,28.40,27.75
8151025,28.40,27.75
8151653,28.40,27.75
8152188,28.40,27.75
8152816,28.40,27.75
8153345,28.40,27.75
8153973,28.40,27.75
8154508,28.40,27.75
8155135,28.40,27.75
8155664,28.40,27.75
8156292,28.40,27.75
8156827,28.40,27.69
8157454,28.40,27.69
8157983,28.40,27.75
8158611,28.50,27.75
8159146,28.50,27.75
8159774,28.50,27.75
8160303,28.50,27.75
8160931,28.40,27.75
8161466,28.40,27.75
8162093,28.40,27.75
8162622,28.40,27.75
8163250,28.40,27.75
8163785,28.40,27.75
8164412,28.40,27.75
8164941,28.40,27.69
8165569,28.40,27.69
8166104,28.40,27.75
8166731,28.40,27.75
8167260,28.40,27.75
8167888,28.50,27.75
8168423,28.50,27.75
8169051,28.50,27.75
8169580,28.50,27.75
8170208,28.40,27.75
8170743,28.40,27.75
8171371,28.40,27.75
8171900,28.40,27.75
8172528,28.50,27.75
8173063,28.50,27.75
8173691,28.50,27.75
8174220,28.50,27.75
8174848,28.40,27.75
8175383,28.40,27.75
8176010,28.40,27.75
8176539,28.40,27.75
8177167,28.40,27.75
8177702,28.40,27.75
8178329,28.40,27.75
8178858,28.40,27.69
8179486,28.40,27.69
8180021,28.40,27.75
8180649,28.40,27.75
8181178,28.40,27.75
8181806,28.40,27.75
8182341,28.40,27.75
8182969,28.40,27.75
8183498,28.40,27.75
8184126,28.40,27.75
8184661,28.40,27.69
8185289,28.40,27.69
8185818,28.40,27.75
8186446,28.40,27.75
8186981,28.40,27.75
8187609,28.40,27.75
8188138,28.40,27.75
8188766,28.40,27.75
8189301,28.40,27.75
8189929,28.40,27.75
8190458,28.40,27.75
8191086,28.50,27.75
8191621,28.50,27.75
8192249,28.50,27.75
8192778,28.50,27.75
8193406,28.40,27.75
8193941,28.40,27.75
8194569,28.40,27.75
8195098,28.40,27.75
8195726,28.50,27.75
8196261,28.50,27.75
8196889,28.50,27.75
8197418,28.50,27.75
8198046,28.50,27.75
8198581,28.50,27.75
8199209,28.50,27.75
8199738,28.50,27.75
8200366,28.50,27.75
8200901,28.50,27.75
8201529,28.50,27.75
8202058,28.50,27.75
8202686,28.40,27.75
8203221,28.40,27.75
8203849,28.40,27.75
8204378,28.40,27.75
8205006,28.50,27.75
8205541,28.50,27.75
8206169,28.50,27.75
8206698,28.50,27.75
8207326,28.50,27.75
8207861,28.50,27.75
8208489,28.50,27.75
8209018,28.50,27.75
8209646,28.50,27.75
8210181,28.50,27.75
8210809,28.50,27.75
8211338,28.50,27.75
8211966,28.40,27.75
8212501,28.40,27.75
8213129,28.40,27.75
8213658,28.40,27.75
8214286,28.40,27.75
8214821,28.40,27.75
8215448,28.40,27.75
8215977,28.40,27.75
8216605,28.50,27.75
8217140,28.50,27.75
8217768,28.50,27.75
8218297,28.50,27.75
8218925,28.50,27.75
8219460,28.50,27.75
8220088,28.50,27.75
8220617,28.50,27.75
8221245,28.50,27.75
8221780,28.50,27.75
8222408,28.50,27.75
8222937,28.50,27.75
8223565,28.40,27.75
8224100,28.40,27.75
8224728,28.40,27.75
8225257,28.40,27.75
8225885,28.50,27.75
8226420,28.50,27.81
8227048,28.50,27.81
8227577,28.50,27.75
8228205,28.50,27.75
8228740,28.50,27.75
8229368,28.50,27.75
8229897,28.50,27.75
8230525,28.50,27.75
8231060,28.50,27.75
8231688,28.50,27.75
8232217,28.50,27.75
8232845,28.50,27.75
8233380,28.50,27.75
8234008,28.50,27.75
8234537,28.50,27.75
8235165,28.50,27.75
8235700,28.50,27.81
8236328,28.50,27.81
8236857,28.50,27.75
8237485,28.50,27.75
8238020,28.50,27.75
8238648,28.50,27.75
8239177,28.50,27.75
8239805,28.50,27.75
8240340,28.50,27.75
8240968,28.50,27.75
8241497,28.50,27.81
8242125,28.50,27.81
8242660,28.50,27.75
8243288,28.50,27.75
8243817,28.50,27.75
8244445,28.50,27.75
8244980,28.50,27.75
8245608,28.50,27.75
8246137,28.50,27.75
8246765,28.50,27.75
8247300,28.50,27.75
8247928,28.50,27.75
8248457,28.50,27.75
8249085,28.50,27.75
8249620,28.50,27.75
8250248,28.50,27.75
8250777,28.50,27.75
8251405,28.50,27.75
8251940,28.50,27.81
8252568,28.50,27.81
8253097,28.50,27.75
8253725,28.50,27.75
8254260,28.50,27.81
8254888,28.50,27.81
8255417,28.50,27.75
8256045,28.50,27.75
8256580,28.50,27.75
8257208,28.50,27.75
8257737,28.50,27.75
8258365,28.50,27.75
8258900,28.50,27.75
8259528,28.50,27.75
8260057,28.50,27.75
8260685,28.50,27.75
8261220,28.50,27.75
8261848,28.50,27.75
8262377,28.50,27.81
8263005,28.50,27.81
8263540,28.50,27.75
8264168,28.50,27.75
8264697,28.50,27.75
8265325,28.50,27.75
8265860,28.50,27.75
8266488,28.50,27.75
8267017,28.50,27.75
8267645,28.50,27.75
8268180,28.50,27.75
8268808,28.50,27.75
8269337,28.50,27.75
8269965,28.50,27.75
8270500,28.50,27.75
8271128,28.50,27.75
8271657,28.50,27.75
8272285,28.40,27.75
8272820,28.40,27.75
8273447,28.40,27.75
8273976,28.40,27.75
8274604,28.50,27.75
8275139,28.50,27.75
8275767,28.50,27.75
8276296,28.50,27.75
8276924,28.50,27.75
8277459,28.50,27.75
8278087,28.50,27.75
8278616,28.50,27.75
8279244,28.50,27.75
8279779,28.50,27.75
8280407,28.50,27.75
8280936,28.50,27.75
8281564,28.50,27.75
8282099,28.50,27.75
8282727,28.50,27.75
8283256,28.50,27.75
8283884,28.50,27.75
8284419,28.50,27.75
8285047,28.50,27.75
8285576,28.50,27.81
8286204,28.50,27.81
8286739,28.50,27.81
8287367,28.50,27.81
8287896,28.50,27.75
8288524,28.50,27.75
8289059,28.50,27.75
8289687,28.50,27.75
8290216,28.50,27.75
8290844,28.50,27.75
8291379,28.50,27.75
8292007,28.50,27.75
8292536,28.50,27.75
8293164,28.50,27.75
8293699,28.50,27.75
8294327,28.50,27.75
8294856,28.50,27.75
8295484,28.50,27.75
8296019,28.50,27.75
8296647,28.50,27.75
8297176,28.50,27.75
8297804,28.50,27.75
8298339,28.50,27.75
8298967,28.50,27.75
8299496,28.50,27.75
8300124,28.50,27.75
8300659,28.50,27.75
8301287,28.50,27.75
8301816,28.50,27.75
8302444,28.40,27.75
8302979,28.40,27.75
8303607,28.40,27.75
8304136,28.40,27.75
8304764,28.50,27.75
8305299,28.50,27.75
8305927,28.50,27.75
8306456,28.50,27.75
8307084,28.50,27.75
8307619,28.50,27.81
8308247,28.50,27.81
8308776,28.50,27.75
8309404,28.50,27.75
8309939,28.50,27.75
8310567,28.50,27.75
8311096,28.50,27.75
8311724,28.50,27.75
8312259,28.50,27.75
8312887,28.50,27.75
8313416,28.50,27.75
8314044,28.50,27.75
8314579,28.50,27.75
8315207,28.50,27.75
8315736,28.50,27.75
8316364,28.50,27.75
8316899,28.50,27.75
8317527,28.50,27.75
8318056,28.50,27.75
8318684,28.50,27.75
8319219,28.50,27.75
8319847,28.50,27.75
8320376,28.50,27.81
8321004,28.50,27.81
8321539,28.50,27.81
8322167,28.50,27.81
8322696,28.50,27.75
8323324,28.50,27.75
8323859,28.50,27.75
8324487,28.50,27.75
8325016,28.50,27.75
8325644,28.50,27.75
8326179,28.50,27.81
8326807,28.50,27.81
8327336,28.50,27.75
8327964,28.50,27.75
8328499,28.50,27.75
8329127,28.50,27.75
8329656,28.50,27.81
8330284,28.50,27.81
8330819,28.50,27.75
8331447,28.50,27.75
8331976,28.50,27.75
8332604,28.50,27.75
8333139,28.50,27.75
8333767,28.50,27.75
8334296,28.50,27.81
8334924,28.50,27.81
8335459,28.50,27.75
8336087,28.50,27.75
8336616,28.50,27.75
8337244,28.50,27.75
8337779,28.50,27.75
8338407,28.50,27.75
8338936,28.50,27.75
8339564,28.50,27.75
8340099,28.50,27.75
8340727,28.50,27.75
8341256,28.50,27.75
8341884,28.50,27.75
8342419,28.50,27.81
8343047,28.50,27.81
8343576,28.50,27.81
8344204,28.50,27.81
8344739,28.50,27.75
8345367,28.50,27.75
8345896,28.50,27.75
8346524,28.50,27.75
8347059,28.50,27.75
8347687,28.50,27.75
8348216,28.50,27.75
8348844,28.50,27.75
8349379,28.50,27.75
8350007,28.50,27.75
8350536,28.50,27.81
8351164,28.50,27.81
8351699,28.50,27.75
8352327,28.50,27.75
8352856,28.50,27.75
8353484,28.50,27.75
8354019,28.50,27.75
8354647,28.50,27.75
8355176,28.50,27.75
8355804,28.50,27.75
8356339,28.50,27.75
8356967,28.50,27.75
8357496,28.50,27.75
8358124,28.50,27.75
8358659,28.50,27.75
8359287,28.50,27.75
8359816,28.50,27.81
8360444,28.50,27.81
8360979,28.50,27.75
8361607,28.50,27.75
8362136,28.50,27.75
8362764,28.50,27.75
8363299,28.50,27.75
8363927,28.50,27.75
8364456,28.50,27.75
8365084,28.50,27.75
8365619,28.50,27.75
8366247,28.50,27.75
8366776,28.50,27.75
8367404,28.50,27.75
8367939,28.50,27.75
8368567,28.50,27.75
8369096,28.50,27.75
8369724,28.50,27.75
8370259,28.50,27.81
8370887,28.50,27.81
8371416,28.50,27.75
8372044,28.50,27.75
8372579,28.50,27.81
8373207,28.50,27.81
8373736,28.50,27.81
8374364,28.50,27.81
8374899,28.50,27.81
8375527,28.50,27.81
8376056,28.50,27.81
8376684,28.50,27.81
8377219,28.50,27.81
8377847,28.50,27.81
8378376,28.50,27.75
8379004,28.50,27.75
8379539,28.50,27.81
8380167,28.50,27.81
8380696,28.50,27.75
8381324,28.50,27.75
8381859,28.50,27.81
8382487,28.50,27.81
8383016,28.50,27.81
8383644,28.50,27.81
8384179,28.50,27.81
8384807,28.50,27.81
8385336,28.50,27.81
8385964,28.50,27.81
8386499,28.50,27.81
8387127,28.50,27.81
8387656,28.50,27.81
8388284,28.50,27.81
8388819,28.50,27.75
8389447,28.50,27.75
8389976,28.50,27.81
8390604,28.50,27.81
8391139,28.50,27.81
8391767,28.50,27.81
8392296,28.50,27.75
8392924,28.50,27.75
8393459,28.50,27.81
8394087,28.50,27.81
8394616,28.50,27.75
8395244,28.50,27.75
8395779,28.50,27.81
8396407,28.50,27.81
8396936,28.50,27.75
8397564,28.50,27.75
8398099,28.50,27.81
8398727,28.50,27.81
8399256,28.50,27.75
8399884,28.50,27.75
8400419,28.50,27.81
8401047,28.50,27.81
8401576,28.50,27.81
8402204,28.50,27.81
8402739,28.50,27.81
8403367,28.50,27.81
8403896,28.50,27.81
8404524,28.50,27.81
8405059,28.50,27.81
8405687,28.50,27.81
8406216,28.50,27.81
8406844,28.50,27.81
8407379,28.50,27.81
8408007,28.50,27.81
8408536,28.50,27.81
8409164,28.50,27.81
8409699,28.50,27.81
8410327,28.50,27.81
8410856,28.50,27.81
8411484,28.50,27.81
8412019,28.50,27.81
8412647,28.50,27.81
8413176,28.50,27.81
8413804,28.50,27.81
8414339,28.50,27.75
8414967,28.50,27.75
8415496,28.50,27.81
8416124,28.50,27.81
8416659,28.50,27.81
8417287,28.50,27.81
8417816,28.50,27.75
8418444,28.50,27.75
8418979,28.50,27.81
8419607,28.50,27.81
8420136,28.50,27.81
8420764,28.50,27.81
8421299,28.50,27.75
8421927,28.50,27.75
8422456,28.50,27.75
8423084,28.50,27.75
8423619,28.50,27.75
8424247,28.50,27.75
8424776,28.50,27.75
8425404,28.50,27.75
8425939,28.50,27.75
8426567,28.50,27.75
8427096,28.50,27.75
8427724,28.50,27.75
8428259,28.50,27.81
8428887,28.50,27.81
8429416,28.50,27.81
8430044,28.50,27.81
8430579,28.50,27.75
8431207,28.50,27.75
8431736,28.50,27.81
8432364,28.50,27.81
8432899,28.50,27.75
8433527,28.50,27.75
8434056,28.50,27.75
8434684,28.50,27.75
8435219,28.50,27.81
8435847,28.50,27.81
8436376,28.50,27.81
8437004,28.50,27.81
8437539,28.50,27.75
8438167,28.50,27.75
8438696,28.50,27.75
8439324,28.50,27.75
8439859,28.50,27.75
8440487,28.50,27.75
8441016,28.50,27.75
8441644,28.50,27.75
8442179,28.50,27.75
8442807,28.50,27.75
8443336,28.50,27.75
8443964,28.50,27.75
8444499,28.50,27.81
8445127,28.50,27.81
8445656,28.50,27.81
8446284,28.50,27.81
8446819,28.50,27.75
8447447,28.50,27.75
8447976,28.50,27.75
8448604,28.50,27.75
8449139,28.50,27.75
8449767,28.50,27.75
8450296,28.50,27.81
8450924,28.50,27.81
8451459,28.50,27.81
8452087,28.50,27.81
8452616,28.50,27.81
8453244,28.50,27.81
8453779,28.50,27.81
8454407,28.50,27.81
8454936,28.50,27.75
8455564,28.50,27.75
8456099,28.50,27.75
8456727,28.50,27.75
8457256,28.50,27.75
8457884,28.50,27.75
8458419,28.50,27.75
8459047,28.50,27.75
8459576,28.50,27.75
8460204,28.50,27.75
8460739,28.50,27.75
8461367,28.50,27.75
8461896,28.50,27.75
8462524,28.50,27.75
8463059,28.50,27.75
8463687,28.50,27.75
8464216,28.50,27.75
8464844,28.50,27.75
8465379,28.50,27.75
8466007,28.50,27.75
8466536,28.50,27.75
8467164,28.50,27.75
8467699,28.50,27.75
8468327,28.50,27.75
8468856,28.50,27.75
8469484,28.50,27.75
8470019,28.50,27.75
8470647,28.50,27.75
8471176,28.50,27.75
8471804,28.50,27.75
8472339,28.50,27.75
8472967,28.50,27.75
8473496,28.50,27.75
8474124,28.50,27.75
8474659,28.50,27.75
8475287,28.50,27.75
8475816,28.50,27.75
8476444,28.50,27.75
8476979,28.50,27.75
8477607,28.50,27.75
8478136,28.50,27.75
8478764,28.50,27.75
8479299,28.50,27.75
8479927,28.50,27.75
8480456,28.50,27.75
8481084,28.50,27.75
8481619,28.50,27.75
8482247,28.50,27.75
8482776,28.50,27.75
8483404,28.50,27.75
8483939,28.50,27.75
8484567,28.50,27.75
8485096,28.50,27.75
8485724,28.50,27.75
8486259,28.50,27.81
8486887,28.50,27.81
8487416,28.50,27.75
8488044,28.50,27.75
8488579,28.50,27.75
8489207,28.50,27.75
8489736,28.50,27.75
8490364,28.50,27.75
8490899,28.50,27.75
8491527,28.50,27.75
8492056,28.50,27.75
8492684,28.40,27.75
8493219,28.40,27.75
8493846,28.40,27.75
8494375,28.40,27.75
8495003,28.50,27.75
8495538,28.50,27.75
8496166,28.50,27.75
8496695,28.50,27.75
8497323,28.50,27.75
8497858,28.50,27.81
8498486,28.50,27.81
8499015,28.50,27.75
8499643,28.50,27.75
8500178,28.50,27.75
8500806,28.50,27.75
8501335,28.50,27.75
8501963,28.50,27.75
8502498,28.50,27.75
8503126,28.50,27.75
8503655,28.50,27.75
8504283,28.50,27.75
8504818,28.50,27.75
8505446,28.50,27.75
8505975,28.50,27.75
8506603,28.50,27.75
8507138,28.50,27.75
8507766,28.50,27.75
8508295,28.50,27.75
8508923,28.50,27.75
8509458,28.50,27.75
8510086,28.50,27.75
8510615,28.50,27.75
8511243,28.50,27.75
8511778,28.50,27.75
8512406,28.50,27.75
8512935,28.50,27.75
8513563,28.50,27.75
8514098,28.50,27.75
8514726,28.50,27.75
8515255,28.50,27.75
8515883,28.40,27.75
8516418,28.40,27.75
8517045,28.40,27.75
8517574,28.40,27.75
8518202,28.50,27.75
8518737,28.50,27.75
8519365,28.50,27.75
8519894,28.50,27.75
8520522,28.50,27.75
8521057,28.50,27.75
8521685,28.50,27.75
8522214,28.50,27.75
8522842,28.40,27.75
8523377,28.40,27.81
8524005,28.40,27.81
8524534,28.40,27.75
8525162,28.50,27.75
8525697,28.50,27.75
8526325,28.50,27.75
8526854,28.50,27.75
8527482,28.50,27.75
8528017,28.50,27.75
8528645,28.50,27.75
8529174,28.50,27.75
8529802,28.50,27.75
8530337,28.50,27.75
8530965,28.50,27.75
8531494,28.50,27.75
8532122,28.50,27.75
8532657,28.50,27.75
8533285,28.50,27.75
8533814,28.50,27.75
8534442,28.50,27.75
8534977,28.50,27.75
8535605,28.50,27.75
8536134,28.50,27.75
8536762,28.50,27.75
8537297,28.50,27.75
8537925,28.50,27.75
8538454,28.50,27.75
8539082,28.50,27.75
8539617,28.50,27.75
8540245,28.50,27.75
8540774,28.50,27.75
8541402,28.50,27.75
8541937,28.50,27.75
8542565,28.50,27.75
8543094,28.50,27.75
8543722,28.50,27.75
8544257,28.50,27.75
8544885,28.50,27.75
8545414,28.50,27.75
8546042,28.50,27.75
8546577,28.50,27.75
8547205,28.50,27.75
8547734,28.50,27.81
8548362,28.40,27.81
8548897,28.40,27.75
8549525,28.40,27.75
8550054,28.40,27.75
8550682,28.40,27.75
8551217,28.40,27.75
8551844,28.40,27.75
8552373,28.40,27.75
8553001,28.50,27.75
8553536,28.50,27.75
8554164,28.50,27.75
8554693,28.50,27.75
8555321,28.40,27.75
8555856,28.40,27.75
8556484,28.40,27.75
8557013,28.40,27.75
8557641,28.50,27.75
8558176,28.50,27.75
8558804,28.50,27.75
8559333,28.50,27.75
8559961,28.50,27.75
8560496,28.50,27.75
8561124,28.50,27.75
8561653,28.50,27.75
8562281,28.40,27.75
8562816,28.40,27.75
8563444,28.40,27.75
8563973,28.40,27.75
8564601,28.50,27.75
8565136,28.50,27.75
8565764,28.50,27.75
8566293,28.50,27.75
8566921,28.50,27.75
8567456,28.50,27.75
8568084,28.50,27.75
8568613,28.50,27.75
8569241,28.50,27.75
8569776,28.50,27.75
8570404,28.50,27.75
8570933,28.50,27.75
8571561,28.40,27.75
8572096,28.40,27.75
8572724,28.40,27.75
8573253,28.40,27.81
8573881,28.50,27.81
8574416,28.50,27.75
8575044,28.50,27.75
8575573,28.50,27.75
8576201,28.50,27.75
8576736,28.50,27.75
8577364,28.50,27.75
8577893,28.50,27.75
8578521,28.50,27.75
8579056,28.50,27.75
8579684,28.50,27.75
8580213,28.50,27.75
8580841,28.50,27.75
8581376,28.50,27.75
8582004,28.50,27.75
8582533,28.50,27.75
8583161,28.50,27.75
8583696,28.50,27.75
8584324,28.50,27.75
8584853,28.50,27.75
8585481,28.50,27.75
8586016,28.50,27.75
8586644,28.50,27.75
8587173,28.50,27.75
8587801,28.50,27.75
8588336,28.50,27.75
8588964,28.50,27.75
8589493,28.50,27.75
8590121,28.50,27.75
8590656,28.50,27.75
8591284,28.50,27.75
8591813,28.50,27.75
8592441,28.50,27.75
8592976,28.50,27.75
8593604,28.50,27.75
8594133,28.50,27.75
8594761,28.50,27.75
8595296,28.50,27.75
8595924,28.50,27.75
8596453,28.50,27.75
8597081,28.50,27.75
8597616,28.50,27.75
8598244,28.50,27.75
8598773,28.50,27.75
8599401,28.50,27.75
8599936,28.50,27.75
8600564,28.50,27.75
8601093,28.50,27.75
8601721,28.50,27.75
8602256,28.50,27.75
8602884,28.50,27.75
8603413,28.50,27.75
8604041,28.50,27.75
8604576,28.50,27.75
8605204,28.50,27.75
8605733,28.50,27.75
8606361,28.50,27.75
8606896,28.50,27.75
8607524,28.50,27.75
8608053,28.50,27.75
8608681,28.40,27.75
8609216,28.40,27.75
8609844,28.40,27.75
8610373,28.40,27.75
8611001,28.50,27.75
8611536,28.50,27.75
8612164,28.50,27.75
8612693,28.50,27.75
8613321,28.50,27.75
8613856,28.50,27.75
8614484,28.50,27.75
8615013,28.50,27.75
8615641,28.50,27.75
8616176,28.50,27.75
8616804,28.50,27.75
8617333,28.50,27.75
8617961,28.40,27.75
8618496,28.40,27.75
8619124,28.40,27.75
8619653,28.40,27.75
8620281,28.50,27.75
8620816,28.50,27.75
8621444,28.50,27.75
8621973,28.50,27.75
8622601,28.50,27.75
8623136,28.50,27.75
8623764,28.50,27.75
8624293,28.50,27.75
8624921,28.40,27.75
8625456,28.40,27.75
8626084,28.40,27.75
8626613,28.40,27.75
8627241,28.50,27.75
8627776,28.50,27.75
8628404,28.50,27.75
8628933,28.50,27.75
8629561,28.40,27.75
8630096,28.40,27.75
8630724,28.40,27.75
8631253,28.40,27.75
8631881,28.50,27.75
8632416,28.50,27.75
8633044,28.50,27.75
8633573,28.50,27.75
8634201,28.50,27.75
8634736,28.50,27.75
8635364,28.50,27.75
8635893,28.50,27.75
8636521,28.50,27.75
8637056,28.50,27.75
8637684,28.50,27.75
8638213,28.50,27.75
8638841,28.40,27.75
8639376,28.40,27.75
8640004,28.40,27.75
8640533,28.40,27.75
8641161,28.50,27.75
8641696,28.50,27.75
8642324,28.50,27.75
8642853,28.50,27.75
8643481,28.50,27.75
8644016,28.50,27.75
8644644,28.50,27.75
8645173,28.50,27.75
8645801,28.40,27.75
8646336,28.40,27.75
8646964,28.40,27.75
8647493,28.40,27.75
8648121,28.40,27.75
8648656,28.40,27.75
8649284,28.40,27.75
8649813,28.40,27.75
8650441,28.40,27.75
8650976,28.40,27.75
8651604,28.40,27.75
8652133,28.40,27.75
8652761,28.50,27.75
8653296,28.50,27.75
8653924,28.50,27.75
8654453,28.50,27.75
8655081,28.40,27.75
8655616,28.40,27.75
8656244,28.40,27.75
8656773,28.40,27.75
8657401,28.40,27.75
8657936,28.40,27.75
8658564,28.40,27.75
8659093,28.40,27.75
8659721,28.40,27.75
8660256,28.40,27.75
8660884,28.40,27.75
8661413,28.40,27.75
8662041,28.50,27.75
8662576,28.50,27.75
8663204,28.50,27.75
8663733,28.50,27.75
8664361,28.50,27.75
8664896,28.50,27.75
8665524,28.50,27.75
8666053,28.50,27.75
8666681,28.50,27.75
8667216,28.50,27.75
8667844,28.50,27.75
8668373,28.50,27.75
8669001,28.50,27.75
8669536,28.50,27.75
8670164,28.50,27.75
8670693,28.50,27.75
8671321,28.40,27.75
8671856,28.40,27.75
8672484,28.40,27.75
8673013,28.40,27.75
8673641,28.50,27.75
8674176,28.50,27.75
8674804,28.50,27.75
8675333,28.50,27.75
8675961,28.50,27.75
8676496,28.50,27.75
8677124,28.50,27.75
8677653,28.50,27.75
8678281,28.50,27.75
8678816,28.50,27.75
8679444,28.50,27.75
8679973,28.50,27.75
8680601,28.40,27.75
8681136,28.40,27.75
8681764,28.40,27.75
8682293,28.40,27.75
8682921,28.40,27.75
8683456,28.40,27.75
8684084,28.40,27.75
8684613,28.40,27.75
8685241,28.40,27.75
8685776,28.40,27.75
8686404,28.40,27.75
8686933,28.40,27.75
8687561,28.50,27.75
8688096,28.50,27.75
8688724,28.50,27.75
8689253,28.50,27.75
8689881,28.40,27.75
8690416,28.40,27.69
8691044,28.40,27.69
8691573,28.40,27.75
8692201,28.40,27.75
8692736,28.40,27.75
8693364,28.40,27.75
8693893,28.40,27.75
8694521,28.40,27.75
8695056,28.40,27.75
8695684,28.40,27.75
8696213,28.40,27.75
8696841,28.40,27.75
8697376,28.40,27.75
8698004,28.40,27.75
8698533,28.40,27.75
8699161,28.40,27.75
8699696,28.40,27.75
8700324,28.40,27.75
                                                                8701481,28.40,27.75
8702016,28.40,27.75
8702644,28.40,27.75
8703173,28.40,27.75
8703801,28.40,27.75
8704336,28.40,27.75
8704964,28.40,27.75
8705493,28.40,27.75
8706121,28.50,27.75
8706656,28.50,27.75
8707284,28.50,27.75
8707813,28.50,27.75
8708441,28.40,27.75
8708976,28.40,27.75
8709604,28.40,27.75
8710133,28.40,27.75
8710761,28.40,27.75
8711296,28.40,27.75
8711924,28.40,27.75
8712453,28.40,27.75
8713081,28.40,27.75
8713616,28.40,27.75
8714244,28.40,27.75
8714773,28.40,27.75
8715401,28.40,27.75
8715936,28.40,27.75
8716564,28.40,27.75
8717093,28.40,27.75
8717721,28.50,27.75
8718256,28.50,27.75
8718884,28.50,27.75
8719413,28.50,27.75
8720041,28.40,27.75
8720576,28.40,27.75
8721204,28.40,27.75
8721733,28.40,27.75
8722361,28.40,27.75
8722896,28.40,27.75
8723524,28.40,27.75
8724053,28.40,27.75
8724681,28.40,27.75
8725216,28.40,27.75
8725844,28.40,27.75
8726373,28.40,27.75
8727001,28.50,27.75
8727536,28.50,27.75
8728164,28.50,27.75
8728693,28.50,27.75
8729321,28.40,27.75
8729856,28.40,27.75
8730484,28.40,27.75
8731013,28.40,27.75
8731641,28.40,27.75
8732176,28.40,27.75
8732804,28.40,27.75
8733333,28.40,27.75
8733961,28.40,27.75
8734496,28.40,27.75
8735124,28.40,27.75
8735653,28.40,27.75
8736281,28.40,27.75
8736816,28.40,27.75
8737444,28.40,27.75
8737973,28.40,27.75
8738601,28.40,27.75
8739136,28.40,27.75
8739764,28.40,27.75
8740293,28.40,27.75
8740921,28.40,27.75
8741456,28.40,27.75
8742084,28.40,27.75
8742613,28.40,27.75
8743241,28.50,27.75
8743776,28.50,27.75
8744404,28.50,27.75
                                                                8745561,28.50,27.75
8746096,28.50,27.75
8746724,28.50,27.75
8747253,28.50,27.75
8747881,28.40,27.75
8748416,28.40,27.75
8749044,28.40,27.75
8749573,28.40,27.81
8750201,28.40,27.81
8750736,28.40,27.75
8751364,28.40,27.75
8751893,28.40,27.75
8752521,28.40,27.75
8753056,28.40,27.75
8753684,28.40,27.75
8754213,28.40,27.75
8754841,28.40,27.75
8755376,28.40,27.75
8756004,28.40,27.75
8756533,28.40,27.75
8757161,28.50,27.75
8757696,28.50,27.75
8758324,28.50,27.75
8758853,28.50,27.75
8759481,28.40,27.75
8760016,28.40,27.75
8760644,28.40,27.75
8761173,28.40,27.75
8761801,28.40,27.75
8762336,28.40,27.75
8762964,28.40,27.75
8763493,28.40,27.75
8764121,28.50,27.75
8764656,28.50,27.75
8765284,28.50,27.75
8765813,28.50,27.75
8766441,28.40,27.75
8766976,28.40,27.75
8767604,28.40,27.75
8768133,28.40,27.75
8768761,28.40,27.75
8769296,28.40,27.75
8769923,28.40,27.75
8770452,28.40,27.75
8771080,28.50,27.75
8771615,28.50,27.75
8772243,28.50,27.75
8772772,28.50,27.75
8773400,28.50,27.75
8773935,28.50,27.75
8774563,28.50,27.75
8775092,28.50,27.75
8775720,28.50,27.75
8776255,28.50,27.75
8776883,28.50,27.75
8777412,28.50,27.75
8778040,28.50,27.75
8778575,28.50,27.75
8779203,28.50,27.75
8779732,28.50,27.75
8780360,28.40,27.75
8780895,28.40,27.75
8781522,28.40,27.75
8782051,28.40,27.75
8782679,28.50,27.75
8783214,28.50,27.75
8783842,28.50,27.75
8784371,28.50,27.75
8784999,28.40,27.75
8785534,28.40,27.75
8786161,28.40,27.75
8786690,28.40,27.75
8787318,28.40,27.75
8787853,28.40,27.75
8788480,28.40,27.75
8789009,28.40,27.75
8789637,28.50,27.75
8790172,28.50,27.75
8790800,28.50,27.75
8791329,28.50,27.75
8791957,28.40,27.75
8792492,28.40,27.75
8793119,28.40,27.75
8793648,28.40,27.75
8794276,28.40,27.75
8794811,28.40,27.75
8795438,28.40,27.75
8795967,28.40,27.75
8796595,28.40,27.75
8797130,28.40,27.75
8797757,28.40,27.75
8798286,28.40,27.75
8798914,28.50,27.75
8799449,28.50,27.75
8800077,28.50,27.75
8800606,28.50,27.75
8801234,28.50,27.75
8801769,28.50,27.75
8802397,28.50,27.75
8802926,28.50,27.75
8803554,28.50,27.75
8804089,28.50,27.75
8804717,28.50,27.75
8805246,28.50,27.75
8805874,28.50,27.75
8806409,28.50,27.75
8807037,28.50,27.75
8807566,28.50,27.75
8808194,28.50,27.75
8808729,28.50,27.75
8809357,28.50,27.75
8809886,28.50,27.75
8810514,28.40,27.75
8811049,28.40,27.75
8811677,28.40,27.75
8812206,28.40,27.81
8812834,28.50,27.81
8813369,28.50,27.75
8813997,28.50,27.75
8814526,28.50,27.75
8815154,28.50,27.75
8815689,28.50,27.75
8816317,28.50,27.75
8816846,28.50,27.75
8817474,28.50,27.75
8818009,28.50,27.75
8818637,28.50,27.75
8819166,28.50,27.75
8819794,28.50,27.75
8820329,28.50,27.75
8820957,28.50,27.75
8821486,28.50,27.75
8822114,28.50,27.75
8822649,28.50,27.75
8823277,28.50,27.75
8823806,28.50,27.75
8824434,28.50,27.75
8824969,28.50,27.75
8825597,28.50,27.75
8826126,28.50,27.75
8826754,28.50,27.75
8827289,28.50,27.75
8827917,28.50,27.75
8828446,28.50,27.75
8829074,28.50,27.75
8829609,28.50,27.75
8830237,28.50,27.75
8830766,28.50,27.75
8831394,28.50,27.75
8831929,28.50,27.75
8832557,28.50,27.75
8833086,28.50,27.75
8833714,28.50,27.75
8834249,28.50,27.75
8834877,28.50,27.75
8835406,28.50,27.75
8836034,28.50,27.75
8836569,28.50,27.75
8837197,28.50,27.75
8837726,28.50,27.75
8838354,28.50,27.75
8838889,28.50,27.75
8839517,28.50,27.75
8840046,28.50,27.75
8840674,28.50,27.75
8841209,28.50,27.75
8841837,28.50,27.75
8842366,28.50,27.75
8842994,28.50,27.75
8843529,28.50,27.75
8844157,28.50,27.75
8844686,28.50,27.75
8845314,28.50,27.75
8845849,28.50,27.75
8846477,28.50,27.75
8847006,28.50,27.75
8847634,28.50,27.75
8848169,28.50,27.75
8848797,28.50,27.75
8849326,28.50,27.75
8849954,28.50,27.75
8850489,28.50,27.75
8851117,28.50,27.75
8851646,28.50,27.75
8852274,28.50,27.75
8852809,28.50,27.75
8853437,28.50,27.75
8853966,28.50,27.75
8854594,28.50,27.75
8855129,28.50,27.75
8855757,28.50,27.75
8856286,28.50,27.75
8856914,28.50,27.75
8857449,28.50,27.75
8858077,28.50,27.75
8858606,28.50,27.75
8859234,28.50,27.75
8859769,28.50,27.75
8860397,28.50,27.75
8860926,28.50,27.75
8861554,28.50,27.75
8862089,28.50,27.75
8862717,28.50,27.75
8863246,28.50,27.75
8863874,28.50,27.75
8864409,28.50,27.75
8865037,28.50,27.75
8865566,28.50,27.75
8866194,28.50,27.75
8866729,28.50,27.75
8867357,28.50,27.75
8867886,28.50,27.75
8868514,28.50,27.75
8869049,28.50,27.75
8869677,28.50,27.75
8870206,28.50,27.75
8870834,28.50,27.75
8871369,28.50,27.75
8871997,28.50,27.75
8872526,28.50,27.75
8873154,28.50,27.75
8873689,28.50,27.75
8874317,28.50,27.75
8874846,28.50,27.75
8875474,28.50,27.75
8876009,28.50,27.75
8876637,28.50,27.75
8877166,28.50,27.75
8877794,28.50,27.75
8878329,28.50,27.81
8878957,28.50,27.81
8879486,28.50,27.75
8880114,28.50,27.75
8880649,28.50,27.75
8881277,28.50,27.75
8881806,28.50,27.75
8882434,28.50,27.75
8882969,28.50,27.75
8883597,28.50,27.75
8884126,28.50,27.75
8884754,28.50,27.75
8885289,28.50,27.75
8885917,28.50,27.75
8886446,28.50,27.75
8887074,28.50,27.75
                                                                8888237,28.50,27.75
8888766,28.50,27.75
8889394,28.50,27.75
8889929,28.50,27.75
8890557,28.50,27.75
8891086,28.50,27.75
8891714,28.50,27.75
                                                                8892877,28.50,27.75
8893406,28.50,27.75
8894034,28.50,27.75
8894569,28.50,27.75
8895197,28.50,27.75
8895726,28.50,27.75
8896354,28.50,27.75
8896889,28.50,27.75
8897517,28.50,27.75
8898046,28.50,27.75
8898674,28.50,27.75
8899209,28.50,27.81
8899837,28.50,27.81
8900366,28.50,27.75
8900994,28.50,27.75
8901529,28.50,27.75
8902157,28.50,27.75
8902686,28.50,27.75
8903314,28.50,27.75
8903849,28.50,27.75
8904477,28.50,27.75
8905006,28.50,27.75
8905634,28.50,27.75
8906169,28.50,27.75
8906797,28.50,27.75
8907326,28.50,27.75
8907954,28.40,27.75
8908489,28.40,27.75
8909117,28.40,27.75
8909646,28.40,27.81
8910274,28.50,27.81
8910809,28.50,27.75
8911437,28.50,27.75
8911966,28.50,27.75
8912594,28.50,27.75
8913129,28.50,27.75
8913757,28.50,27.75
8914286,28.50,27.75
8914914,28.50,27.75
8915449,28.50,27.75
8916077,28.50,27.75
8916606,28.50,27.75
8917234,28.50,27.75
8917769,28.50,27.75
8918397,28.50,27.75
8918926,28.50,27.75
8919554,28.50,27.75
8920089,28.50,27.75
8920717,28.50,27.75
8921246,28.50,27.81
8921874,28.50,27.81
8922409,28.50,27.81
8923037,28.50,27.81
8923566,28.50,27.75
8924194,28.50,27.75
8924729,28.50,27.75
8925357,28.50,27.75
8925886,28.50,27.75
8926514,28.50,27.75
8927049,28.50,27.75
8927677,28.50,27.75
8928206,28.50,27.75
8928834,28.50,27.75
8929369,28.50,27.81
8929996,28.50,27.81
8930525,28.50,27.75
8931153,28.50,27.75
8931688,28.50,27.75
8932315,28.50,27.75
8932844,28.50,27.75
8933472,28.50,27.75
8934007,28.50,27.81
8934635,28.50,27.81
8935164,28.50,27.75
8935792,28.50,27.75
8936327,28.50,27.75
8936955,28.50,27.75
8937484,28.50,27.75
8938112,28.50,27.75
8938647,28.50,27.81
8939275,28.50,27.81
8939804,28.50,27.81
8940432,28.50,27.81
8940967,28.50,27.75
8941595,28.50,27.75
8942124,28.50,27.81
8942752,28.50,27.81
8943287,28.50,27.75
8943914,28.50,27.75
8944443,28.50,27.75
8945071,28.50,27.75
8945606,28.50,27.75
8946234,28.50,27.75
8946763,28.50,27.81
8947391,28.50,27.81
8947926,28.50,27.75
8948554,28.50,27.75
8949083,28.50,27.75
8949711,28.50,27.75
8950246,28.50,27.75
8950874,28.50,27.75
8951403,28.50,27.75
8952031,28.50,27.75
8952566,28.50,27.75
8953194,28.50,27.75
8953723,28.50,27.75
8954351,28.50,27.75
8954886,28.50,27.81
8955514,28.50,27.81
8956043,28.50,27.81
8956671,28.50,27.81
8957206,28.50,27.81
8957834,28.50,27.81
8958363,28.50,27.75
8958991,28.50,27.75
8959526,28.50,27.75
8960154,28.50,27.75
8960683,28.50,27.75
8961311,28.50,27.75
8961846,28.50,27.75
8962474,28.50,27.75
8963003,28.50,27.81
8963631,28.50,27.81
8964166,28.50,27.75
8964794,28.50,27.75
8965323,28.50,27.75
8965951,28.50,27.75
8966486,28.50,27.75
8967114,28.50,27.75
8967643,28.50,27.81
8968271,28.50,27.81
8968806,28.50,27.81
8969434,28.50,27.81
8969963,28.50,27.75
8970591,28.50,27.75
8971126,28.50,27.75
8971754,28.50,27.75
8972283,28.50,27.75
8972911,28.50,27.75
8973446,28.50,27.75
8974074,28.50,27.75
8974603,28.50,27.75
8975231,28.50,27.75
8975766,28.50,27.75
8976394,28.50,27.75
8976923,28.50,27.75
8977551,28.50,27.75
8978086,28.50,27.81
8978714,28.50,27.81
8979243,28.50,27.75
8979871,28.50,27.75
8980406,28.50,27.75
8981034,28.50,27.75
8981563,28.50,27.75
8982191,28.50,27.75
8982726,28.50,27.75
8983354,28.50,27.75
8983883,28.50,27.75
8984511,28.50,27.75
8985046,28.50,27.75
8985674,28.50,27.75
8986203,28.50,27.75
8986831,28.50,27.75
8987366,28.50,27.75
8987994,28.50,27.75
8988523,28.50,27.75
8989151,28.50,27.75
8989686,28.50,27.81
8990314,28.50,27.81
8990843,28.50,27.75
8991471,28.50,27.75
8992006,28.50,27.75
8992634,28.50,27.75
8993163,28.50,27.81
8993791,28.50,27.81
8994326,28.50,27.75
8994954,28.50,27.75
8995483,28.50,27.81
8996111,28.50,27.81
8996646,28.50,27.75
8997274,28.50,27.75
8997803,28.50,27.81
8998431,28.50,27.81
8998966,28.50,27.81
8999594,28.50,27.81
9000123,28.50,27.81
9000751,28.50,27.81
9001286,28.50,27.81
9001914,28.50,27.81
9002443,28.50,27.81
9003071,28.50,27.81
9003606,28.50,27.75
9004234,28.50,27.75
9004763,28.50,27.75
9005391,28.50,27.75
9005926,28.50,27.75
9006554,28.50,27.75
9007083,28.50,27.81
9007711,28.50,27.81
9008246,28.50,27.81
9008874,28.50,27.81
9009403,28.50,27.81
9010031,28.50,27.81
9010566,28.50,27.81
9011194,28.50,27.81
9011723,28.50,27.75
9012351,28.50,27.75
9012886,28.50,27.75
9013514,28.50,27.75
9014043,28.50,27.81
9014671,28.50,27.81
9015206,28.50,27.75
9015834,28.50,27.75
9016363,28.50,27.75
9016991,28.50,27.75
9017526,28.50,27.75
9018154,28.50,27.75
9018683,28.50,27.75
9019311,28.50,27.75
9019846,28.50,27.75
9020474,28.50,27.75
9021003,28.50,27.81
9021631,28.50,27.81
9022166,28.50,27.75
9022794,28.50,27.75
9023323,28.50,27.75
9023951,28.50,27.75
9024486,28.50,27.75
9025114,28.50,27.75
9025643,28.50,27.75
9026271,28.50,27.75
9026806,28.50,27.75
9027434,28.50,27.75
9027963,28.50,27.75
9028591,28.50,27.75
9029126,28.50,27.81
9029754,28.50,27.81
9030283,28.50,27.81
9030911,28.50,27.81
9031446,28.50,27.75
9032074,28.50,27.75
9032603,28.50,27.75
9033231,28.50,27.75
9033766,28.50,27.75
9034394,28.50,27.75
9034923,28.50,27.81
9035551,28.50,27.81
9036086,28.50,27.81
9036714,28.50,27.81
9037243,28.50,27.75
9037871,28.50,27.75
9038406,28.50,27.75
9039034,28.50,27.75
9039563,28.50,27.81
9040191,28.50,27.81
9040726,28.50,27.81
9041354,28.50,27.81
9041883,28.50,27.75
9042511,28.50,27.75
9043046,28.50,27.81
9043674,28.50,27.81
9044203,28.50,27.75
9044831,28.50,27.75
9045366,28.50,27.75
9045994,28.50,27.75
9046523,28.50,27.75
9047151,28.50,27.75
9047686,28.50,27.81
9048314,28.50,27.81
9048843,28.50,27.81
9049471,28.50,27.81
9050006,28.50,27.81
9050633,28.50,27.81
9051162,28.50,27.75
9051790,28.50,27.75
9052325,28.50,27.81
9052953,28.50,27.81
9053482,28.50,27.75
9054110,28.50,27.75
9054645,28.50,27.75
9055273,28.50,27.75
9055802,28.50,27.81
9056430,28.50,27.81
9056965,28.50,27.75
9057593,28.50,27.75
9058122,28.50,27.75
9058750,28.50,27.75
                                                                9059913,28.50,27.81
9060442,28.50,27.75
9061070,28.50,27.75
9061605,28.50,27.75
9062233,28.50,27.75
9062762,28.50,27.75
9063390,28.50,27.75
9063925,28.50,27.75
9064552,28.50,27.75
9065081,28.50,27.75
9065709,28.50,27.75
9066244,28.50,27.75
9066872,28.50,27.75
9067401,28.50,27.75
9068029,28.50,27.75
9068564,28.50,27.81
9069192,28.50,27.81
9069721,28.50,27.75
9070349,28.50,27.75
9070884,28.50,27.75
9071512,28.50,27.75
9072041,28.50,27.81
9072669,28.50,27.81
9073204,28.50,27.75
9073832,28.50,27.75
9074361,28.50,27.75
9074989,28.50,27.75
9075524,28.50,27.75
9076152,28.50,27.75
9076681,28.50,27.81
9077309,28.50,27.81
9077844,28.50,27.75
9078472,28.50,27.75
9079001,28.50,27.75
9079629,28.50,27.75
9080164,28.50,27.81
9080792,28.50,27.81
9081321,28.50,27.75
9081949,28.50,27.75
9082484,28.50,27.75
9083112,28.50,27.75
9083641,28.50,27.75
9084269,28.50,27.75
9084804,28.50,27.75
9085432,28.50,27.75
9085961,28.50,27.75
9086589,28.50,27.75
9087124,28.50,27.75
9087752,28.50,27.75
9088281,28.50,27.81
9088909,28.50,27.81
9089444,28.50,27.75
9090072,28.50,27.75
9090601,28.50,27.75
9091229,28.50,27.75
9091764,28.50,27.81
9092392,28.50,27.81
9092921,28.50,27.75
9093549,28.50,27.75
9094084,28.50,27.75
9094712,28.50,27.75
9095241,28.50,27.75
9095869,28.50,27.75
9096404,28.50,27.75
9097032,28.50,27.75
9097561,28.50,27.75
9098189,28.50,27.75
9098724,28.50,27.81
9099352,28.50,27.81
9099881,28.50,27.75
9100509,28.40,27.75
9101044,28.40,27.81
9101671,28.40,27.81
9102200,28.40,27.75
9102828,28.50,27.75
9103363,28.50,27.75
9103991,28.50,27.75
9104520,28.50,27.75
9105148,28.50,27.75
9105683,28.50,27.75
9106311,28.50,27.75
9106840,28.50,27.81
9107468,28.50,27.81
9108003,28.50,27.75
9108631,28.50,27.75
9109160,28.50,27.81
9109788,28.50,27.81
9110323,28.50,27.81
9110951,28.50,27.81
9111480,28.50,27.75
9112108,28.50,27.75
9112643,28.50,27.75
9113271,28.50,27.75
9113800,28.50,27.75
9114428,28.50,27.75
9114963,28.50,27.75
9115591,28.50,27.75
9116120,28.50,27.75
9116748,28.50,27.75
9117283,28.50,27.75
9117911,28.50,27.75
9118440,28.50,27.75
9119068,28.50,27.75
9119603,28.50,27.75
9120231,28.50,27.75
9120760,28.50,27.75
9121388,28.50,27.75
9121923,28.50,27.75
9122551,28.50,27.75
9123080,28.50,27.75
9123708,28.50,27.75
9124243,28.50,27.75
9124871,28.50,27.75
9125400,28.50,27.75
9126028,28.50,27.75
9126563,28.50,27.75
9127191,28.50,27.75
9127720,28.50,27.75
9128348,28.50,27.75
9128883,28.50,27.75
9129511,28.50,27.75
9130040,28.50,27.75
9130668,28.50,27.75
9131203,28.50,27.75
9131831,28.50,27.75
9132360,28.50,27.75
9132988,28.50,27.75
9133523,28.50,27.75
9134151,28.50,27.75
9134680,28.50,27.75
9135308,28.50,27.75
9135843,28.50,27.75
9136471,28.50,27.75
9137000,28.50,27.75
9137628,28.50,27.75
9138163,28.50,27.75
9138791,28.50,27.75
9139320,28.50,27.75
9139948,28.50,27.75
9140483,28.50,27.75
9141111,28.50,27.75
9141640,28.50,27.75
9142268,28.50,27.75
9142803,28.50,27.75
9143431,28.50,27.75
9143960,28.50,27.75
9144588,28.50,27.75
9145123,28.50,27.75
9145751,28.50,27.75
9146280,28.50,27.75
9146908,28.50,27.75
9147443,28.50,27.75
9148071,28.50,27.75
9148600,28.50,27.75
9149228,28.40,27.75
9149763,28.40,27.75
9150391,28.40,27.75
9150920,28.40,27.75
9151548,28.50,27.75
9152083,28.50,27.75
9152711,28.50,27.75
9153240,28.50,27.75
9153868,28.50,27.75
9154403,28.50,27.75
9155031,28.50,27.75
9155560,28.50,27.75
9156188,28.50,27.75
9156723,28.50,27.75
9157351,28.50,27.75
9157880,28.50,27.75
9158508,28.50,27.75
9159043,28.50,27.75
9159671,28.50,27.75
9160200,28.50,27.75
9160828,28.50,27.75
9161363,28.50,27.75
9161991,28.50,27.75
9162520,28.50,27.75
9163148,28.50,27.75
9163683,28.50,27.75
9164311,28.50,27.75
9164840,28.50,27.75
9165468,28.50,27.75
9166003,28.50,27.75
9166631,28.50,27.75
9167160,28.50,27.75
9167788,28.50,27.75
9168323,28.50,27.75
9168951,28.50,27.75
9169480,28.50,27.75
9170108,28.50,27.75
9170643,28.50,27.75
9171271,28.50,27.75
9171800,28.50,27.75
9172428,28.50,27.75
9172963,28.50,27.75
9173591,28.50,27.75
9174120,28.50,27.75
9174748,28.50,27.75
9175283,28.50,27.75
9175911,28.50,27.75
9176440,28.50,27.75
9177068,28.40,27.75
9177603,28.40,27.75
9178231,28.40,27.75
9178760,28.40,27.75
9179388,28.50,27.75
9179923,28.50,27.75
9180551,28.50,27.75
9181080,28.50,27.75
9181708,28.50,27.75
                                                                9182871,28.50,27.75
9183400,28.50,27.75
9184028,28.50,27.75
9184563,28.50,27.75
9185190,28.50,27.75
9185719,28.50,27.75
9186347,28.50,27.75
9186882,28.50,27.75
9187510,28.50,27.75
9188039,28.50,27.75
9188667,28.50,27.75
9189202,28.50,27.75
9189830,28.50,27.75
9190359,28.50,27.75
9190987,28.50,27.75
9191522,28.50,27.75
9192150,28.50,27.75
9192679,28.50,27.75
9193307,28.50,27.75
9193842,28.50,27.75
9194469,28.50,27.75
9194998,28.50,27.75
9195626,28.40,27.75
9196161,28.40,27.75
9196789,28.40,27.75
9197318,28.40,27.75
9197946,28.50,27.75
9198481,28.50,27.75
9199109,28.50,27.75
9199638,28.50,27.75
9200266,28.50,27.75
9200801,28.50,27.75
9201428,28.50,27.75
9201957,28.50,27.75
9202585,28.50,27.75
9203120,28.50,27.75
9203748,28.50,27.75
9204277,28.50,27.75
9204905,28.50,27.75
9205440,28.50,27.75
9206068,28.50,27.75
9206597,28.50,27.75
9207225,28.50,27.75
9207760,28.50,27.75
9208388,28.50,27.75
9208917,28.50,27.75
9209545,28.50,27.75
9210080,28.50,27.75
9210707,28.50,27.75
9211236,28.50,27.75
9211864,28.50,27.75
9212399,28.50,27.69
9213026,28.50,27.69
9213555,28.50,27.75
9214183,28.50,27.75
9214718,28.50,27.75
9215346,28.50,27.75
9215875,28.50,27.75
9216503,28.50,27.75
9217038,28.50,27.75
9217666,28.50,27.75
9218195,28.50,27.75
9218823,28.50,27.75
9219358,28.50,27.75
9219986,28.50,27.75
9220515,28.50,27.75
9221143,28.50,27.75
9221678,28.50,27.75
9222306,28.50,27.75
9222835,28.50,27.75
9223463,28.50,27.75
9223998,28.50,27.75
9224626,28.50,27.75
9225155,28.50,27.75
9225783,28.50,27.75
9226318,28.50,27.75
9226945,28.50,27.75
9227474,28.50,27.75
9228102,28.50,27.75
9228637,28.50,27.75
9229265,28.50,27.75
9229794,28.50,27.75
9230422,28.50,27.75
9230957,28.50,27.75
9231585,28.50,27.75
9232114,28.50,27.75
9232742,28.50,27.75
9233277,28.50,27.75
9233905,28.50,27.75
9234434,28.50,27.75
9235062,28.50,27.75
9235597,28.50,27.75
9236225,28.50,27.75
9236754,28.50,27.75
9237382,28.50,27.75
9237917,28.50,27.75
9238545,28.50,27.75
9239074,28.50,27.75
9239702,28.50,27.75
9240237,28.50,27.75
9240865,28.50,27.75
9241394,28.50,27.75
9242022,28.50,27.75
9242557,28.50,27.75
9243185,28.50,27.75
9243714,28.50,27.75
9244342,28.50,27.75
9244877,28.50,27.75
9245505,28.50,27.75
9246034,28.50,27.75
9246662,28.50,27.75
9247197,28.50,27.75
9247825,28.50,27.75
9248354,28.50,27.75
9248982,28.50,27.75
9249517,28.50,27.75
9250145,28.50,27.75
9250674,28.50,27.75
9251302,28.50,27.75
9251837,28.50,27.75
9252465,28.50,27.75
9252994,28.50,27.75
9253622,28.50,27.75
9254157,28.50,27.75
9254785,28.50,27.75
9255314,28.50,27.75
9255942,28.50,27.75
9256477,28.50,27.75
9257105,28.50,27.75
9257634,28.50,27.75
9258262,28.50,27.75
9258797,28.50,27.75
9259425,28.50,27.75
9259954,28.50,27.75
9260582,28.50,27.75
9261117,28.50,27.75
9261745,28.50,27.75
9262274,28.50,27.75
9262902,28.50,27.75
9263437,28.50,27.75
9264065,28.50,27.75
9264594,28.50,27.75
9265222,28.50,27.75
9265757,28.50,27.75
9266385,28.50,27.75
9266914,28.50,27.75
9267542,28.50,27.75
9268077,28.50,27.69
9268705,28.50,27.69
9269234,28.50,27.75
9269862,28.50,27.75
9270397,28.50,27.75
9271025,28.50,27.75
9271554,28.50,27.75
9272182,28.50,27.75
9272717,28.50,27.69
9273345,28.50,27.69
9273874,28.50,27.75
9274502,28.40,27.75
9275037,28.40,27.75
9275665,28.40,27.75
9276194,28.40,27.75
9276822,28.40,27.75
9277357,28.40,27.75
9277985,28.40,27.75
9278514,28.40,27.75
9279142,28.50,27.75
9279677,28.50,27.75
9280305,28.50,27.75
9280834,28.50,27.75
9281462,28.50,27.75
9281997,28.50,27.75
9282625,28.50,27.75
9283154,28.50,27.75
9283782,28.50,27.75
9284317,28.50,27.75
9284945,28.50,27.75
9285474,28.50,27.75
9286102,28.50,27.75
9286637,28.50,27.69
9287265,28.50,27.69
9287794,28.50,27.75
9288422,28.40,27.75
9288957,28.40,27.75
9289585,28.40,27.75
9290114,28.40,27.75
9290742,28.40,27.75
9291277,28.40,27.75
9291905,28.40,27.75
9292434,28.40,27.75
9293062,28.50,27.75
9293597,28.50,27.75
9294225,28.50,27.75
9294754,28.50,27.75
9295382,28.40,27.75
9295917,28.40,27.75
9296545,28.40,27.75
9297074,28.40,27.75
9297702,28.40,27.75
9298237,28.40,27.75
9298864,28.40,27.75
9299393,28.40,27.75
9300021,28.40,27.75
9300556,28.40,27.75
9301183,28.40,27.75
9301712,28.40,27.75
9302340,28.50,27.75
9302875,28.50,27.75
9303503,28.50,27.75
9304032,28.50,27.75
9304660,28.40,27.75
9305195,28.40,27.75
9305822,28.40,27.75
9306351,28.40,27.75
9306979,28.40,27.75
9307514,28.40,27.75
9308141,28.40,27.75
9308670,28.40,27.75
9309298,28.50,27.75
9309833,28.50,27.75
9310461,28.50,27.75
9310990,28.50,27.75
9311618,28.50,27.75
9312153,28.50,27.75
9312781,28.50,27.75
9313310,28.50,27.75
9313938,28.50,27.75
9314473,28.50,27.75
9315101,28.50,27.75
9315630,28.50,27.69
9316258,28.50,27.69
9316793,28.50,27.69
9317421,28.50,27.69
9317950,28.50,27.75
9318578,28.40,27.75
9319113,28.40,27.75
9319741,28.40,27.75
9320270,28.40,27.75
9320898,28.40,27.75
9321433,28.40,27.75
9322061,28.40,27.75
9322590,28.40,27.75
9323218,28.40,27.75
9323753,28.40,27.75
9324381,28.40,27.75
9324910,28.40,27.75
9325538,28.40,27.75
9326073,28.40,27.75
9326700,28.40,27.75
9327229,28.40,27.75
9327857,28.40,27.75
9328392,28.40,27.69
9329020,28.40,27.69
9329549,28.40,27.75
9330177,28.40,27.75
9330712,28.40,27.75
9331340,28.40,27.75
9331869,28.40,27.75
9332497,28.40,27.75
9333032,28.40,27.75
9333660,28.40,27.75
9334189,28.40,27.75
9334817,28.40,27.75
9335352,28.40,27.75
9335980,28.40,27.75
9336509,28.40,27.75
9337137,28.50,27.75
9337672,28.50,27.75
9338300,28.50,27.75
9338829,28.50,27.69
9339457,28.40,27.69
9339992,28.40,27.75
9340620,28.40,27.75
9341149,28.40,27.69
9341777,28.50,27.69
9342312,28.50,27.75
9342940,28.50,27.75
9343469,28.50,27.75
9344097,28.50,27.75
9344632,28.50,27.75
9345260,28.50,27.75
9345789,28.50,27.75
9346417,28.50,27.75
9346952,28.50,27.75
9347580,28.50,27.75
                                                                9348737,28.40,27.75
9349272,28.40,27.75
9349900,28.40,27.75
9350429,28.40,27.69
9351057,28.50,27.69
9351592,28.50,27.69
9352220,28.50,27.69
9352749,28.50,27.69
9353377,28.50,27.69
9353912,28.50,27.75
9354540,28.50,27.75
9355069,28.50,27.75
9355697,28.50,27.75
9356232,28.50,27.75
9356860,28.50,27.75
9357389,28.50,27.69
9358017,28.50,27.69
9358552,28.50,27.75
9359180,28.50,27.75
9359709,28.50,27.69
9360337,28.40,27.69
9360872,28.40,27.69
9361500,28.40,27.69
9362029,28.40,27.69
9362657,28.40,27.69
9363192,28.40,27.69
9363820,28.40,27.69
9364349,28.40,27.69
9364977,28.40,27.69
9365512,28.40,27.75
9366140,28.40,27.75
9366669,28.40,27.69
9367297,28.40,27.69
9367832,28.40,27.75
9368460,28.40,27.75
9368989,28.40,27.69
9369617,28.50,27.69
9370152,28.50,27.75
9370780,28.50,27.75
9371309,28.50,27.75
9371937,28.40,27.75
9372472,28.40,27.69
9373099,28.40,27.69
9373628,28.40,27.69
9374256,28.50,27.69
9374791,28.50,27.69
9375419,28.50,27.69
9375948,28.50,27.75
9376576,28.40,27.75
9377111,28.40,27.69
9377738,28.40,27.69
9378267,28.40,27.75
9378895,28.50,27.75
9379430,28.50,27.75
9380058,28.50,27.75
9380587,28.50,27.69
9381215,28.40,27.69
9381750,28.40,27.69
9382377,28.40,27.69
9382906,28.40,27.75
9383534,28.40,27.75
9384069,28.40,27.69
9384696,28.40,27.69
9385225,28.40,27.69
9385853,28.50,27.69
9386388,28.50,27.69
9387016,28.50,27.69
9387545,28.50,27.75
9388173,28.40,27.75
9388708,28.40,27.75
9389335,28.40,27.75
9389864,28.40,27.75
9390492,28.40,27.75
9391027,28.40,27.75
9391654,28.40,27.75
9392183,28.40,27.75
9392811,28.40,27.75
9393346,28.40,27.69
9393973,28.40,27.69
9394502,28.40,27.75
9395130,28.40,27.75
9395665,28.40,27.69
9396292,28.40,27.69
9396821,28.40,27.75
9397449,28.50,27.75
9397984,28.50,27.75
9398612,28.50,27.75
9399141,28.50,27.75
9399769,28.50,27.75
9400304,28.50,27.75
9400932,28.50,27.75
9401461,28.50,27.75
9402089,28.50,27.75
9402624,28.50,27.75
9403252,28.50,27.75
9403781,28.50,27.75
9404409,28.50,27.75
9404944,28.50,27.81
9405572,28.50,27.81
9406101,28.50,27.75
9406729,28.40,27.75
9407264,28.40,27.75
9407891,28.40,27.75
9408420,28.40,27.75
9409048,28.50,27.75
9409583,28.50,27.75
9410211,28.50,27.75
9410740,28.50,27.75
9411368,28.50,27.75
9411903,28.50,27.75
9412531,28.50,27.75
9413060,28.50,27.75
9413688,28.40,27.75
9414223,28.40,27.75
9414851,28.40,27.75
9415380,28.40,27.75
9416008,28.50,27.75
9416543,28.50,27.75
9417171,28.50,27.75
9417700,28.50,27.75
9418328,28.50,27.75
9418863,28.50,27.75
9419491,28.50,27.75
                                                                9420648,28.50,27.75
9421183,28.50,27.75
9421811,28.50,27.75
9422340,28.50,27.75
9422968,28.50,27.75
9423503,28.50,27.81
9424131,28.50,27.81
9424660,28.50,27.75
9425288,28.50,27.75
9425823,28.50,27.81
9426451,28.50,27.81
9426980,28.50,27.75
9427608,28.40,27.75
9428143,28.40,27.75
9428771,28.40,27.75
9429300,28.40,27.75
9429928,28.40,27.75
9430463,28.40,27.81
9431091,28.40,27.81
9431620,28.40,27.81
9432248,28.40,27.81
9432783,28.40,27.75
9433411,28.40,27.75
9433940,28.40,27.81
9434568,28.50,27.81
9435103,28.50,27.75
9435731,28.50,27.75
9436260,28.50,27.81
9436888,28.50,27.81
ets Jul 29 2019 12:21:46

rst:0x1 (POWERON_RESET),boot:0x13 (SPI_FAST_FLASH_BOOT)
configsip: 0, SPIWP:0xee
clk_drv:0x00,q_drv:0x00,d_drv:0x00,cs0_drv:0x00,hd_drv:0x00,wp_drv:0x00
mode:DIO, clock div:1
load:0x3fff0030,len:4876
ho 0 tail 12 room 4
load:0x40078000,len:16560
load:0x40080400,len:3500
entry 0x400805b4
Time(ms),DHT22_Raw,DS18B20_Raw
0,28.50,27.81
535,28.50,27.81
1163,28.50,27.81
1692,28.50,27.81
2320,28.50,27.81
2855,28.50,27.81
3483,28.50,27.81
4012,28.50,27.81
4640,28.50,27.81
5175,28.50,27.81
5803,28.50,27.81
6332,28.50,27.87
6960,28.50,27.87
7495,28.50,27.81
8123,28.50,27.81
8652,28.50,27.81
9280,28.50,27.81
9815,28.50,27.81
10443,28.50,27.81
10972,28.50,27.87
11600,28.50,27.87
12135,28.50,27.87
12763,28.50,27.87
13292,28.50,27.87
13920,28.50,27.87
14455,28.50,27.87
15083,28.50,27.87
15612,28.50,27.87
16240,28.50,27.87
16775,28.50,27.87
17403,28.50,27.87
17932,28.50,27.87
18560,28.50,27.87
19095,28.50,27.87
19723,28.50,27.87
20252,28.50,27.87
20880,28.50,27.87
21415,28.50,27.87
22043,28.50,27.87
22572,28.50,27.87
23200,28.50,27.87
23735,28.50,27.87
24363,28.50,27.87
24892,28.50,27.87
25520,28.50,27.87
26055,28.50,27.81
26683,28.50,27.81
27212,28.50,27.87
27840,28.50,27.87
28375,28.50,27.87
29003,28.50,27.87
29532,28.50,27.87
30160,28.50,27.87
30695,28.50,27.87
31323,28.50,27.87
31852,28.50,27.87
32480,28.50,27.87
33015,28.50,27.87
33643,28.50,27.87
34172,28.50,27.87
34800,28.50,27.87
35335,28.50,27.87
35963,28.50,27.87
36492,28.50,27.87
37120,28.50,27.87
37655,28.50,27.87
38283,28.50,27.87
38812,28.50,27.87
39440,28.50,27.87
39975,28.50,27.87
40603,28.50,27.87
41132,28.50,27.87
41760,28.50,27.87
42295,28.50,27.87
42923,28.50,27.87
43452,28.50,27.87
44080,28.50,27.87
44615,28.50,27.87
45243,28.50,27.87
45772,28.50,27.87
46400,28.50,27.87
46935,28.50,27.87
47563,28.50,27.87
48092,28.50,27.87
48720,28.50,27.87
49255,28.50,27.87
49883,28.50,27.87
50412,28.50,27.87
51040,28.50,27.87
51575,28.50,27.87
52203,28.50,27.87
52732,28.50,27.87
53360,28.50,27.87
53895,28.50,27.87
54523,28.50,27.87
55052,28.50,27.87
55680,28.50,27.87
56215,28.50,27.87
56843,28.50,27.87
57372,28.50,27.87
58000,28.50,27.87
58535,28.50,27.87
59163,28.50,27.87
59692,28.50,27.87
60320,28.50,27.87
60855,28.50,27.87
61483,28.50,27.87
62012,28.50,27.87
62640,28.50,27.87
63175,28.50,27.87
63803,28.50,27.87
64332,28.50,27.87
64960,28.50,27.87
65495,28.50,27.87
66123,28.50,27.87
66652,28.50,27.87
67280,28.50,27.87
67815,28.50,27.87
68443,28.50,27.87
68972,28.50,27.87
69600,28.50,27.87
70135,28.50,27.87
70763,28.50,27.87
71292,28.50,27.87
71920,28.50,27.87
72455,28.50,27.87
73083,28.50,27.87
73612,28.50,27.87
74240,28.50,27.87
74775,28.50,27.87
75403,28.50,27.87
75932,28.50,27.81
76560,28.50,27.81
77095,28.50,27.87
77723,28.50,27.87
78252,28.50,27.87
78880,28.50,27.87
79415,28.50,27.87
80043,28.50,27.87
80572,28.50,27.81
81200,28.50,27.81
81735,28.50,27.87
82363,28.50,27.87
82892,28.50,27.81
83520,28.50,27.81
84055,28.50,27.87
84683,28.50,27.87
85212,28.50,27.81
85840,28.50,27.81
86375,28.50,27.81
87003,28.50,27.81
87532,28.50,27.87
88160,28.50,27.87
88695,28.50,27.87
89323,28.50,27.87
89852,28.50,27.87
90480,28.50,27.87
91015,28.50,27.87
91643,28.50,27.87
92172,28.50,27.81
92800,28.50,27.81
93335,28.50,27.81
93963,28.50,27.81
94492,28.50,27.87
95120,28.50,27.87
95655,28.50,27.81
96283,28.50,27.81
96812,28.50,27.81
97440,28.50,27.81
97975,28.50,27.87
98603,28.50,27.87
99132,28.50,27.81
99760,28.50,27.81
100295,28.50,27.81
100923,28.50,27.81
101452,28.50,27.81
102080,28.50,27.81
102615,28.50,27.81
103243,28.50,27.81
103772,28.50,27.81
104400,28.50,27.81
104935,28.50,27.81
105563,28.50,27.81
106092,28.50,27.81
106720,28.50,27.81
107255,28.50,27.81
107883,28.50,27.81
108412,28.50,27.81
109040,28.50,27.81
109575,28.50,27.81
110203,28.50,27.81
110732,28.50,27.81
111360,28.50,27.81
111895,28.50,27.81
112523,28.50,27.81
113052,28.50,27.81
113680,28.50,27.81
114215,28.50,27.81
114843,28.50,27.81
115372,28.50,27.87
116000,28.50,27.87
116535,28.50,27.81
117163,28.50,27.81
117692,28.50,27.81
118320,28.50,27.81
118855,28.50,27.81
119483,28.50,27.81
120012,28.50,27.81
120640,28.50,27.81
121175,28.50,27.81
121803,28.50,27.81
122332,28.50,27.81
122960,28.50,27.81
123495,28.50,27.81
124123,28.50,27.81
124652,28.50,25.25
125280,28.50,25.25
125815,28.50,20.87
126444,28.50,20.87
126973,28.50,17.87
127603,28.50,17.87
128138,28.50,15.63
128768,28.50,15.63
129297,28.50,13.81
129927,28.50,13.81
130462,28.50,12.31
131092,28.50,12.31
131621,28.50,10.75
132252,28.50,10.75
132787,28.50,9.63
133418,28.50,9.63
133947,28.50,8.69
134578,28.50,8.69
135113,28.50,7.87
135744,28.50,7.87
136273,28.50,7.25
136905,28.40,7.25
137440,28.40,6.62
138071,28.40,6.62
138600,28.40,6.12
139232,28.30,6.12
139767,28.30,5.69
140399,28.30,5.69
140928,28.30,5.31
141560,27.90,5.31
142095,27.90,4.94
142727,27.90,4.94
143256,27.90,4.62
143888,27.50,4.62
144423,27.50,4.31
145055,27.50,4.31
145584,27.50,4.06
146216,26.90,4.06
146751,26.90,3.81
147383,26.90,3.81
147912,26.90,3.62
148544,26.20,3.62
149079,26.20,3.37
149711,26.20,3.37
150240,26.20,3.25
150872,25.50,3.25
151407,25.50,3.06
152039,25.50,3.06
152568,25.50,2.87
153200,24.80,2.87
153735,24.80,2.75
154367,24.80,2.75
154896,24.80,2.56
155528,24.00,2.56
156063,24.00,2.50
156695,24.00,2.50
157224,24.00,2.37
157856,23.20,2.37
158391,23.20,2.25
159023,23.20,2.25
159552,23.20,2.12
160185,22.50,2.12
160720,22.50,2.06
161352,22.50,2.06
161881,22.50,1.94
162514,21.70,1.94
163049,21.70,1.87
163681,21.70,1.87
164210,21.70,1.81
164843,21.00,1.81
165378,21.00,1.75
166010,21.00,1.75
166539,21.00,1.69
167172,20.20,1.69
167707,20.20,1.56
168339,20.20,1.56
168868,20.20,1.50
169501,19.50,1.50
170036,19.50,1.50
170668,19.50,1.50
171197,19.50,1.44
171830,18.80,1.44
172365,18.80,1.37
172997,18.80,1.37
173526,18.80,1.31
174159,18.10,1.31
174694,18.10,1.25
175326,18.10,1.25
175855,18.10,1.25
176488,17.40,1.25
177023,17.40,1.19
177655,17.40,1.19
178184,17.40,1.12
178817,16.80,1.12
179352,16.80,1.12
179984,16.80,1.12
180513,16.80,1.06
181146,16.10,1.06
181681,16.10,1.06
182313,16.10,1.06
182842,16.10,1.00
183475,15.50,1.00
184010,15.50,1.00
184642,15.50,1.00
185171,15.50,0.94
185804,14.90,0.94
186339,14.90,0.94
186971,14.90,0.94
187500,14.90,0.88
188133,14.40,0.88
188668,14.40,0.88
189300,14.40,0.88
189829,14.40,0.88
190462,13.90,0.88
190997,13.90,0.81
191629,13.90,0.81
192158,13.90,0.81
192791,13.30,0.81
193326,13.30,0.75
193958,13.30,0.75
194487,13.30,0.75
195120,12.80,0.75
195655,12.80,0.75
196287,12.80,0.75
196816,12.80,0.75
197449,12.40,0.75
197984,12.40,0.69
198616,12.40,0.69
199145,12.40,0.69
199778,11.90,0.69
200313,11.90,0.69
200946,11.90,0.69
201475,11.90,0.62
202108,11.50,0.62
202643,11.50,0.62
203276,11.50,0.62
203805,11.50,0.62
204438,11.00,0.62
204973,11.00,0.62
205606,11.00,0.62
206135,11.00,0.62
206768,10.60,0.62
207303,10.60,0.62
207935,10.60,0.62
208464,10.60,0.56
209097,10.30,0.56
209632,10.30,0.56
210265,10.30,0.56
210794,10.30,0.56
211427,9.90,0.56
211962,9.90,0.50
212595,9.90,0.50
213124,9.90,0.50
213757,9.50,0.50
214292,9.50,0.50
214925,9.50,0.50
215454,9.50,0.50
216087,9.20,0.50
216622,9.20,0.50
217255,9.20,0.50
217784,9.20,0.50
218417,8.80,0.50
218952,8.80,0.44
219585,8.80,0.44
220114,8.80,0.44
220747,8.50,0.44
221282,8.50,0.44
                                                                222443,8.50,0.44
223076,8.20,0.44
223611,8.20,0.44
224244,8.20,0.44
224773,8.20,0.44
225406,7.90,0.44
225941,7.90,0.44
226573,7.90,0.44
227102,7.90,0.44
227735,7.60,0.44
228270,7.60,0.44
228902,7.60,0.44
229431,7.60,0.37
230064,7.40,0.37
230599,7.40,0.37
231231,7.40,0.37
231760,7.40,0.37
232393,7.10,0.37
232928,7.10,0.37
233560,7.10,0.37
234089,7.10,0.31
234722,6.90,0.31
235257,6.90,0.37
235890,6.90,0.37
236419,6.90,0.37
237052,6.70,0.37
237587,6.70,0.37
238220,6.70,0.37
238749,6.70,0.31
239382,6.40,0.31
239917,6.40,0.31
240549,6.40,0.31
241078,6.40,0.31
241711,6.20,0.31
242246,6.20,0.31
242879,6.20,0.31
243408,6.20,0.31
244041,6.00,0.31
244576,6.00,0.31
245209,6.00,0.31
245738,6.00,0.31
246371,5.80,0.31
246906,5.80,0.31
247538,5.80,0.31
248067,5.80,0.31
248700,5.60,0.31
249235,5.60,0.31
249867,5.60,0.31
250396,5.60,0.31
251029,5.40,0.31
251564,5.40,0.25
252197,5.40,0.25
252726,5.40,0.31
253359,5.20,0.31
253894,5.20,0.25
254527,5.20,0.25
255056,5.20,0.25
255689,5.10,0.25
256224,5.10,0.25
256857,5.10,0.25
257386,5.10,0.25
258019,4.90,0.25
258554,4.90,0.25
259186,4.90,0.25
259715,4.90,0.25
260348,4.70,0.25
260883,4.70,0.19
261516,4.70,0.19
262045,4.70,0.25
262678,4.60,0.25
263213,4.60,0.25
263846,4.60,0.25
264375,4.60,0.19
265008,4.50,0.19
265543,4.50,0.25
266176,4.50,0.25
266705,4.50,0.25
267338,4.30,0.25
267873,4.30,0.25
268506,4.30,0.25
269035,4.30,0.19
269668,4.20,0.19
270203,4.20,0.19
270836,4.20,0.19
271365,4.20,0.19
271998,4.10,0.19
272533,4.10,0.19
273166,4.10,0.19
273695,4.10,0.19
274328,3.90,0.19
274863,3.90,0.19
275495,3.90,0.19
276024,3.90,0.19
276657,3.80,0.19
277192,3.80,0.19
277825,3.80,0.19
278354,3.80,0.19
278987,3.70,0.19
279522,3.70,0.19
280155,3.70,0.19
280684,3.70,0.19
281317,3.60,0.19
281852,3.60,0.19
282485,3.60,0.19
283014,3.60,0.19
283647,3.50,0.19
284182,3.50,0.13
284815,3.50,0.13
285344,3.50,0.19
285977,3.40,0.19
286512,3.40,0.19
287145,3.40,0.19
287674,3.40,0.19
288307,3.30,0.19
288842,3.30,0.19
289475,3.30,0.19
290004,3.30,0.19
290637,3.20,0.19
291172,3.20,0.19
291805,3.20,0.19
292334,3.20,0.13
292967,3.10,0.13
293502,3.10,0.13
294135,3.10,0.13
294664,3.10,0.19
295297,3.00,0.19
295832,3.00,0.19
296465,3.00,0.19
296994,3.00,0.13
297627,3.00,0.13
298162,3.00,0.13
298795,3.00,0.13
299324,3.00,0.13
299957,2.90,0.13
300492,2.90,0.13
301125,2.90,0.13
301654,2.90,0.13
302287,2.80,0.13
302822,2.80,0.13
303455,2.80,0.13
303984,2.80,0.13
304617,2.70,0.13
305152,2.70,0.13
305785,2.70,0.13
306314,2.70,0.13
306947,2.70,0.13
307482,2.70,0.13
308115,2.70,0.13
308644,2.70,0.13
                                                                309812,2.60,0.13
310445,2.60,0.13
310974,2.60,0.13
311607,2.60,0.13
312142,2.60,0.13
312775,2.60,0.13
313304,2.60,0.13
313937,2.50,0.13
314472,2.50,0.13
315105,2.50,0.13
315634,2.50,0.13
316267,2.40,0.13
316802,2.40,0.13
317435,2.40,0.13
317964,2.40,0.13
318597,2.40,0.13
319132,2.40,0.13
319765,2.40,0.13
320294,2.40,0.13
320927,2.30,0.13
321462,2.30,0.13
322095,2.30,0.13
322624,2.30,0.06
323257,2.30,0.06
323792,2.30,0.13
324425,2.30,0.13
324954,2.30,0.13
325587,2.20,0.13
326122,2.20,0.13
326755,2.20,0.13
327284,2.20,0.06
327917,2.20,0.06
328452,2.20,0.13
329085,2.20,0.13
329614,2.20,0.13
330247,2.10,0.13
330782,2.10,0.13
331415,2.10,0.13
331944,2.10,0.13
332577,2.10,0.13
333112,2.10,0.06
333745,2.10,0.06
334274,2.10,0.13
334907,2.00,0.13
335442,2.00,0.06
336075,2.00,0.06
336604,2.00,0.13
337237,2.00,0.13
337772,2.00,0.06
338405,2.00,0.06
338934,2.00,0.06
339567,2.00,0.06
340102,2.00,0.06
340735,2.00,0.06
341264,2.00,0.06
341897,1.90,0.06
342432,1.90,0.06
343065,1.90,0.06
343594,1.90,0.06
344227,1.90,0.06
344762,1.90,0.06
345395,1.90,0.06
345924,1.90,0.06
346557,1.90,0.06
347092,1.90,0.06
347725,1.90,0.06
348254,1.90,0.06
348887,1.80,0.06
349422,1.80,0.06
350054,1.80,0.06
350583,1.80,0.06
351216,1.80,0.06
351751,1.80,0.06
352384,1.80,0.06
352913,1.80,0.06
353546,1.80,0.06
354081,1.80,0.06
354713,1.80,0.06
355242,1.80,0.06
355875,1.70,0.06
356410,1.70,0.06
357042,1.70,0.06
357571,1.70,0.06
358204,1.70,0.06
358739,1.70,0.06
359372,1.70,0.06
359901,1.70,0.06
360534,1.70,0.06
361069,1.70,0.06
361702,1.70,0.06
362231,1.70,0.06
362864,1.60,0.06
363399,1.60,0.06
364032,1.60,0.06
364561,1.60,0.06
365194,1.60,0.06
365729,1.60,0.06
366362,1.60,0.06
366891,1.60,0.06
367524,1.60,0.06
368059,1.60,0.06
368691,1.60,0.06
369220,1.60,0.06
369853,1.60,0.06
370388,1.60,0.06
371021,1.60,0.06
371550,1.60,0.06
372183,1.50,0.06
372718,1.50,0.06
373351,1.50,0.06
373880,1.50,0.06
374513,1.50,0.06
375048,1.50,0.06
375681,1.50,0.06
376210,1.50,0.06
376843,1.50,0.06
377378,1.50,0.06
378011,1.50,0.06
378540,1.50,0.06
379173,1.50,0.06
379708,1.50,0.06
380341,1.50,0.06
380870,1.50,0.06
381503,1.40,0.06
382038,1.40,0.06
382671,1.40,0.06
383200,1.40,0.06
383833,1.40,0.06
384368,1.40,0.06
385001,1.40,0.06
385530,1.40,0.06
386163,1.40,0.06
386698,1.40,0.06
387331,1.40,0.06
387860,1.40,0.06
388493,1.40,0.06
389028,1.40,0.06
389661,1.40,0.06
390190,1.40,0.06
390823,1.40,0.06
391358,1.40,0.06
391991,1.40,0.06
392520,1.40,0.06
393153,1.40,0.06
393688,1.40,0.06
394321,1.40,0.06
394850,1.40,0.06
395483,1.30,0.06
396018,1.30,0.00
396651,1.30,0.00
397180,1.30,0.06
397813,1.30,0.06
398348,1.30,0.06
398981,1.30,0.06
399510,1.30,0.00
400143,1.30,0.00
400678,1.30,0.06
401311,1.30,0.06
401840,1.30,0.06
402473,1.30,0.06
403008,1.30,0.06
403641,1.30,0.06
404170,1.30,0.00
404803,1.30,0.00
405338,1.30,0.00
405971,1.30,0.00
406500,1.30,0.06
407133,1.30,0.06
407668,1.30,0.06
408301,1.30,0.06
408830,1.30,0.00
409463,1.20,0.00
409998,1.20,0.06
410631,1.20,0.06
411160,1.20,0.06
411793,1.20,0.06
412328,1.20,0.06
412961,1.20,0.06
413490,1.20,0.00
414123,1.20,0.00
414658,1.20,0.06
415291,1.20,0.06
415820,1.20,0.00
416453,1.20,0.00
416988,1.20,0.00
417621,1.20,0.00
418150,1.20,0.06
418783,1.20,0.06
419318,1.20,0.06
419951,1.20,0.06
420480,1.20,0.00
421113,1.20,0.00
421648,1.20,0.00
422281,1.20,0.00
422810,1.20,0.00
423443,1.20,0.00
423978,1.20,0.00
424611,1.20,0.00
425140,1.20,0.06
425773,1.10,0.06
426308,1.10,0.00
426941,1.10,0.00
427470,1.10,0.00
428103,1.10,0.00
428638,1.10,0.00
429271,1.10,0.00
429800,1.10,0.00
430433,1.10,0.00
430968,1.10,0.00
431601,1.10,0.00
432130,1.10,0.00
432763,1.10,0.00
433298,1.10,0.00
433931,1.10,0.00
434460,1.10,0.00
435093,1.10,0.00
435628,1.10,0.00
436261,1.10,0.00
436790,1.10,0.00
437423,1.10,0.00
437958,1.10,0.00
438591,1.10,0.00
439120,1.10,0.00
439753,1.10,0.00
440288,1.10,0.00
440921,1.10,0.00
441450,1.10,0.00
442083,1.10,0.00
442618,1.10,0.00
443251,1.10,0.00
443780,1.10,0.00
444413,1.10,0.00
444948,1.10,0.00
445581,1.10,0.00
446110,1.10,0.00
446743,1.10,0.00
447278,1.10,0.00
447911,1.10,0.00
448440,1.10,0.00
449073,1.00,0.00
449608,1.00,0.00
450241,1.00,0.00
450770,1.00,0.00
451403,1.00,0.00
451938,1.00,0.00
452571,1.00,0.00
453100,1.00,0.00
453733,1.10,0.00
454268,1.10,0.00
454901,1.10,0.00
455430,1.10,0.00
456063,1.00,0.00
456598,1.00,0.00
457231,1.00,0.00
457760,1.00,0.00
458393,1.00,0.00
458928,1.00,0.00
459561,1.00,0.00
460090,1.00,0.06
460723,1.00,0.06
461258,1.00,0.00
461891,1.00,0.00
462420,1.00,0.00
463053,1.00,0.00
463588,1.00,0.00
464221,1.00,0.00
464750,1.00,0.00
465383,1.00,0.00
465918,1.00,0.00
466551,1.00,0.00
467080,1.00,0.06
467713,1.00,0.06
468248,1.00,0.00
468881,1.00,0.00
469410,1.00,0.00
470043,1.00,0.00
470578,1.00,0.00
471211,1.00,0.00
471740,1.00,0.00
472373,1.00,0.00
472908,1.00,0.00
473541,1.00,0.00
474070,1.00,0.00
474703,1.00,0.00
475238,1.00,0.00
475871,1.00,0.00
476400,1.00,0.00
477033,1.00,0.00
477568,1.00,0.00
478201,1.00,0.00
478730,1.00,0.00
479363,1.00,0.00
479898,1.00,0.00
480531,1.00,0.00
481060,1.00,0.00
481693,1.00,0.00
482228,1.00,0.00
482861,1.00,0.00
483390,1.00,0.00
484023,1.00,0.00
484558,1.00,0.00
485191,1.00,0.00
485720,1.00,0.00
486353,1.00,0.00
486888,1.00,0.00
487521,1.00,0.00
488050,1.00,0.00
488683,0.90,0.00
489218,0.90,0.00
489851,0.90,0.00
490380,0.90,0.00
491013,1.00,0.00
491548,1.00,0.00
492181,1.00,0.00
492710,1.00,0.00
493343,0.90,0.00
493878,0.90,0.00
494511,0.90,0.00
495040,0.90,0.00
495673,0.90,0.00
496208,0.90,0.00
496841,0.90,0.00
497370,0.90,0.00
498003,0.90,0.00
498538,0.90,0.00
499171,0.90,0.00
499700,0.90,0.00
500333,0.90,0.00
500868,0.90,0.00
501501,0.90,0.00
502030,0.90,0.00
502663,1.00,0.00
503198,1.00,0.00
503831,1.00,0.00
504360,1.00,0.00
504993,1.00,0.00
505528,1.00,0.00
506161,1.00,0.00
506690,1.00,0.00
507323,0.90,0.00
507858,0.90,0.00
508491,0.90,0.00
509020,0.90,0.00
509653,1.00,0.00
510188,1.00,0.00
510821,1.00,0.00
511350,1.00,0.00
511983,0.90,0.00
512518,0.90,0.00
513151,0.90,0.00
513680,0.90,0.00
514313,0.90,0.00
514848,0.90,0.00
515481,0.90,0.00
516010,0.90,0.00
516643,0.90,0.00
517178,0.90,0.00
517811,0.90,0.00
518340,0.90,0.00
518973,0.90,0.00
519508,0.90,0.00
520141,0.90,0.00
520670,0.90,-0.06
521303,0.90,-0.06
521838,0.90,0.00
522471,0.90,0.00
523000,0.90,0.00
523633,0.90,0.00
524168,0.90,0.00
524801,0.90,0.00
525330,0.90,0.00
525963,0.90,0.00
526498,0.90,0.00
527131,0.90,0.00
527660,0.90,0.00
528293,0.90,0.00
528828,0.90,0.00
529461,0.90,0.00
529990,0.90,0.00
530623,0.90,0.00
531158,0.90,0.00
531791,0.90,0.00
532320,0.90,0.00
532953,0.90,0.00
533488,0.90,0.00
534121,0.90,0.00
534650,0.90,0.00
535283,0.90,0.00
535818,0.90,0.00
536451,0.90,0.00
536980,0.90,0.00
537613,0.90,0.00
538148,0.90,0.00
538781,0.90,0.00
539310,0.90,0.00
539943,0.90,0.00
540478,0.90,0.00
541111,0.90,0.00
541640,0.90,0.00
542273,0.90,0.00
542808,0.90,0.00
543441,0.90,0.00
543970,0.90,0.00
544603,0.90,0.00
545138,0.90,0.00
545771,0.90,0.00
546300,0.90,0.00
546933,0.90,0.00
547468,0.90,0.00
548101,0.90,0.00
548630,0.90,0.00
549263,0.90,0.00
549798,0.90,0.00
550431,0.90,0.00
550960,0.90,0.00
551593,0.90,0.00
552128,0.90,0.00
552761,0.90,0.00
553290,0.90,0.00
553923,0.90,0.00
554458,0.90,0.00
555091,0.90,0.00
555620,0.90,0.00
556253,0.90,0.00
556788,0.90,0.00
557421,0.90,0.00
557950,0.90,0.00
558583,0.90,0.00
559118,0.90,-0.06
559751,0.90,-0.06
560280,0.90,0.00
560913,0.90,0.00
561448,0.90,0.00
562081,0.90,0.00
562610,0.90,0.00
563243,0.90,0.00
563778,0.90,0.00
564411,0.90,0.00
564940,0.90,0.00
565573,0.90,0.00
566108,0.90,0.00
566741,0.90,0.00
567270,0.90,0.00
567903,0.90,0.00
568438,0.90,0.00
569071,0.90,0.00
569600,0.90,0.00
570233,0.90,0.00
570768,0.90,0.00
571401,0.90,0.00
571930,0.90,0.00
572563,0.90,0.00
573098,0.90,0.00
573731,0.90,0.00
574260,0.90,0.00
574893,0.90,0.00
575428,0.90,0.00
576061,0.90,0.00
576590,0.90,0.00
577223,0.90,0.00
577758,0.90,0.00
578391,0.90,0.00
578920,0.90,0.00
579553,0.90,0.00
580088,0.90,0.00
580721,0.90,0.00
581250,0.90,0.00
581883,0.90,0.00
582418,0.90,0.00
583051,0.90,0.00
583580,0.90,0.00
584213,0.90,0.00
584748,0.90,0.00
585381,0.90,0.00
585910,0.90,0.00
586543,0.90,0.00
587078,0.90,0.00
587711,0.90,0.00
588240,0.90,0.00
588873,0.90,0.00
589408,0.90,-0.06
590041,0.90,-0.06
590570,0.90,0.00
591203,0.90,0.00
591738,0.90,0.00
592371,0.90,0.00
592900,0.90,-0.06
593533,0.90,-0.06
594068,0.90,0.00
594701,0.90,0.00
595230,0.90,0.00
595863,0.90,0.00
596398,0.90,0.00
597031,0.90,0.00
597560,0.90,0.00
598193,0.90,0.00
598728,0.90,0.00
599361,0.90,0.00
599890,0.90,0.00
600523,0.90,0.00
601058,0.90,-0.06
601691,0.90,-0.06
602220,0.90,0.00
602853,0.90,0.00
603388,0.90,0.00
604021,0.90,0.00
604550,0.90,0.00
605183,0.90,0.00
605718,0.90,0.00
606351,0.90,0.00
606880,0.90,0.00
607513,0.90,0.00
608048,0.90,0.00
608681,0.90,0.00
609210,0.90,-0.06
609843,0.90,-0.06
610378,0.90,0.00
611011,0.90,0.00
611540,0.90,0.00
612173,0.90,0.00
612708,0.90,0.00
613341,0.90,0.00
613870,0.90,0.00
614503,0.90,0.00
615038,0.90,0.00
615671,0.90,0.00
616200,0.90,0.00
616833,0.90,0.00
617368,0.90,0.00
618001,0.90,0.00
618530,0.90,0.00
619163,0.90,0.00
619698,0.90,-0.06
620331,0.90,-0.06
620860,0.90,0.00
621493,0.90,0.00
622028,0.90,0.00
622661,0.90,0.00
623190,0.90,0.00
623823,0.90,0.00
624358,0.90,-0.06
624991,0.90,-0.06
625520,0.90,0.00
626153,0.90,0.00
626688,0.90,0.00
627321,0.90,0.00
627850,0.90,0.00
628483,0.90,0.00
629018,0.90,0.00
629651,0.90,0.00
630180,0.90,0.00
630813,0.90,0.00
631348,0.90,0.00
631981,0.90,0.00
632510,0.90,0.00
633143,0.90,0.00
633678,0.90,0.00
634311,0.90,0.00
634840,0.90,-0.06
635473,0.90,-0.06
636008,0.90,0.00
636641,0.90,0.00
637170,0.90,-0.06
637803,0.90,-0.06
638338,0.90,0.00
638971,0.90,0.00
639500,0.90,-0.06
640133,0.90,-0.06
640668,0.90,0.00
641301,0.90,0.00
641830,0.90,0.00
642463,0.90,0.00
642998,0.90,-0.06
643631,0.90,-0.06
644160,0.90,0.00
644793,0.90,0.00
645328,0.90,0.00
645961,0.90,0.00
646490,0.90,0.00
647123,0.90,0.00
647658,0.90,-0.06
648291,0.90,-0.06
648820,0.90,0.00
649453,0.90,0.00
649988,0.90,0.00
650621,0.90,0.00
651150,0.90,-0.06
651783,0.90,-0.06
652318,0.90,-0.06
652951,0.90,-0.06
653480,0.90,0.00
654113,0.90,0.00
654648,0.90,0.00
655281,0.90,0.00
655810,0.90,0.00
656443,0.90,0.00
656978,0.90,0.00
657611,0.90,0.00
658140,0.90,-0.06
658773,0.90,-0.06
659308,0.90,-0.06
659941,0.90,-0.06
660470,0.90,0.00
661103,0.90,0.00
661638,0.90,-0.06
662271,0.90,-0.06
662800,0.90,0.00
663433,0.90,0.00
663968,0.90,-0.06
664601,0.90,-0.06
665130,0.90,-0.06
665763,0.90,-0.06
666298,0.90,0.00
666931,0.90,0.00
667460,0.90,0.00
668093,0.90,0.00
668628,0.90,-0.06
669261,0.90,-0.06
669790,0.90,0.00
670423,0.90,0.00
670958,0.90,0.00
671591,0.90,0.00
672120,0.90,0.00
672753,0.90,0.00
673288,0.90,-0.06
673921,0.90,-0.06
674450,0.90,-0.06
675083,0.90,-0.06
675618,0.90,-0.06
676251,0.90,-0.06
676780,0.90,0.00
677413,0.90,0.00
677948,0.90,-0.06
678581,0.90,-0.06
679110,0.90,0.00
679743,0.90,0.00
680278,0.90,-0.06
680911,0.90,-0.06
681440,0.90,-0.06
682073,0.90,-0.06
682608,0.90,-0.06
683241,0.90,-0.06
683770,0.90,-0.06
684403,0.90,-0.06
684938,0.90,-0.06
685571,0.90,-0.06
686100,0.90,-0.06
686733,0.90,-0.06
687268,0.90,0.00
687901,0.90,0.00
688430,0.90,-0.06
689063,0.90,-0.06
689598,0.90,-0.06
690231,0.90,-0.06
690760,0.90,-0.06
691393,0.90,-0.06
691928,0.90,-0.06
692561,0.90,-0.06
693090,0.90,-0.06
693723,0.90,-0.06
694258,0.90,-0.06
694891,0.90,-0.06
695420,0.90,-0.06
696053,0.90,-0.06
696588,0.90,-0.06
697221,0.90,-0.06
697750,0.90,0.00
698383,0.90,0.00
698918,0.90,-0.06
699551,0.90,-0.06
700080,0.90,-0.06
700713,0.90,-0.06
701248,0.90,0.00
701881,0.90,0.00
702410,0.90,0.00
703043,0.90,0.00
703578,0.90,-0.06
704211,0.90,-0.06
704740,0.90,-0.06
705373,0.90,-0.06
705908,0.90,0.00
706541,0.90,0.00
707070,0.90,0.00
707703,0.90,0.00
708238,0.90,-0.06
708871,0.90,-0.06
709400,0.90,0.00
710033,0.90,0.00
710568,0.90,-0.06
711201,0.90,-0.06
711730,0.90,-0.06
712363,0.90,-0.06
712898,0.90,-0.06
713531,0.90,-0.06
714060,0.90,0.00
714693,0.90,0.00
715228,0.90,0.00
715861,0.90,0.00
716390,0.90,-0.06
717023,0.90,-0.06
717558,0.90,-0.06
718191,0.90,-0.06
718720,0.90,0.00
719353,0.90,0.00
719888,0.90,-0.06
720521,0.90,-0.06
721050,0.90,0.00
721683,0.90,0.00
722218,0.90,0.00
722851,0.90,0.00
723380,0.90,0.00
724013,0.90,0.00
724548,0.90,0.00
725181,0.90,0.00
725710,0.90,0.00
726343,0.90,0.00
726878,0.90,0.00
727511,0.90,0.00
728040,0.90,0.00
728673,0.90,0.00
729208,0.90,-0.06
729841,0.90,-0.06
730370,0.90,0.00
731003,0.90,0.00
731538,0.90,-0.06
732171,0.90,-0.06
732700,0.90,0.00
733333,0.90,0.00
733868,0.90,0.00
734501,0.90,0.00
735030,0.90,0.00
735663,0.90,0.00
736198,0.90,0.00
736831,0.90,0.00
737360,0.90,-0.06
737993,1.00,-0.06
738528,1.00,-0.06
739161,1.00,-0.06
739690,1.00,0.00
740323,1.00,0.00
740858,1.00,0.00
741491,1.00,0.00
742020,1.00,0.00
742653,1.00,0.00
743188,1.00,0.00
743821,1.00,0.00
744350,1.00,0.00
744983,1.00,0.00
745518,1.00,-0.06
746151,1.00,-0.06
746680,1.00,0.00
747313,1.00,0.00
747848,1.00,0.00
748481,1.00,0.00
749010,1.00,0.00
749643,1.00,0.00
750178,1.00,0.00
750811,1.00,0.00
751340,1.00,0.00
751973,1.00,0.00
752508,1.00,0.00
753141,1.00,0.00
753670,1.00,0.00
754303,1.00,0.00
754838,1.00,0.00
755471,1.00,0.00
756000,1.00,0.00
756633,1.00,0.00
757168,1.00,0.00
757801,1.00,0.00
758330,1.00,0.06
758963,1.00,0.06
759498,1.00,0.06
760131,1.00,0.06
760660,1.00,0.00
761293,1.00,0.00
761828,1.00,0.06
762461,1.00,0.06
762990,1.00,0.00
763623,1.00,0.00
764158,1.00,0.06
764791,1.00,0.06
765320,1.00,0.06
765953,1.00,0.06
766488,1.00,0.06
767121,1.00,0.06
767650,1.00,0.06
768283,1.00,0.06
768818,1.00,0.06
769451,1.00,0.06
769980,1.00,0.06
770613,1.00,0.06
771148,1.00,0.06
771781,1.00,0.06
772310,1.00,0.06
772943,1.00,0.06
773478,1.00,0.06
774111,1.00,0.06
774640,1.00,0.06
775273,1.00,0.06
775808,1.00,0.06
776441,1.00,0.06
776970,1.00,0.06
777603,1.00,0.06
778138,1.00,0.06
778771,1.00,0.06
779300,1.00,0.06
779933,1.00,0.06
780468,1.00,0.06
781101,1.00,0.06
781630,1.00,0.06
782263,1.00,0.06
782798,1.00,0.13
783431,1.00,0.13
783960,1.00,0.13
784593,1.00,0.13
785128,1.00,0.13
785761,1.00,0.13
786290,1.00,0.13
786923,1.00,0.13
787458,1.00,0.13
788091,1.00,0.13
788620,1.00,0.13
789253,1.00,0.13
789788,1.00,0.13
790421,1.00,0.13
790950,1.00,0.13
791583,1.00,0.13
792118,1.00,0.13
792751,1.00,0.13
793280,1.00,0.13
793913,1.00,0.13
794448,1.00,0.13
795081,1.00,0.13
795610,1.00,0.13
796243,1.00,0.13
796778,1.00,0.13
797411,1.00,0.13
797940,1.00,0.13
798573,1.00,0.13
799108,1.00,0.13
799741,1.00,0.13
800270,1.00,0.13
